ticker:ZIOP
price:[2.450000047683716, 2.4800000190734863, 2.759999990463257, 2.450000047683716, 2.630000114440918, 2.809999942779541, 2.7100000381469727, 2.2699999809265137, 2.0899999141693115, 2.240000009536743, 2.740000009536743, 2.8299999237060547, 2.9100000858306885, 2.8299999237060547, 2.7699999809265137, 2.890000104904175, 2.880000114440918, 2.5199999809265137, 3.1600000858306885, 3.509999990463257, 3.630000114440918, 3.7100000381469727, 5.25, 4.840000152587891, 5.159999847412109, 5.329999923706055, 4.289999961853027, 4.389999866485596, 4.0, 3.6500000953674316, 3.630000114440918, 3.319999933242798, 3.3299999237060547, 3.299999952316284, 3.4600000381469727, 3.200000047683716, 3.1700000762939453, 3.1500000953674316, 3.0399999618530273, 3.0199999809265137, 2.880000114440918, 2.680000066757202, 2.859999895095825, 2.640000104904175, 2.5999999046325684, 2.3499999046325684, 2.240000009536743, 2.2699999809265137, 2.2699999809265137, 1.7799999713897705, 1.5399999618530273, 1.7599999904632568]
assets:[0, 100.00004876909256, 211.2904192699194, 287.5584655966759, 408.6851857833862, 536.6560370719909, 617.558060692978, 617.2904018132687, 668.3422625529766, 816.3095394754172, 1098.5216258234739, 1234.6044467163085, 1369.5051133936643, 1431.8554413986205, 1501.4981566610813, 1666.5451484939576, 1760.7785019670487, 1640.6810155819417, 2157.3620785974267, 2496.310238217473, 2681.654235542965, 2840.7540782092096, 4119.934875, 3898.1879108959197, 4255.9188541469575, 4496.133161642075, 3718.8388049318314, 3905.524749220085, 3658.5648, 3438.440614839792, 3519.599831960392, 3319.0278372623443, 3429.0247974372865, 3498.1326094533442, 3767.739015539837, 3584.6141334149124, 3651.0082798706053, 3727.9734528657914, 3697.7899855988503, 3773.4624941678526, 3698.5338749665257, 3541.6911082214115, 3879.565547698379, 3681.1377382752657, 3725.362543354511, 3467.1546092963217, 3404.8625104961156, 3550.463386167526, 3650.463468327284, 2962.477982383609, 2663.0427780344007, 3143.4775509667397]
shares:[0, 40.3226, 76.5545, 117.3708, 155.3936, 190.9808, 227.8812, 271.9341, 319.781, 364.4239, 400.9203, 436.256, 470.6203, 505.956, 542.0571, 576.6592, 611.3814, 651.0639, 682.7095, 711.1995, 738.7477, 765.7019, 784.7495, 805.4107, 824.7905, 843.5522, 866.8622, 889.6412, 914.6412, 942.0385, 969.5867, 999.7072, 1029.7372, 1060.0402, 1088.9419, 1120.1919, 1151.7376, 1183.4836, 1216.3783, 1249.4909, 1284.2131, 1321.5265, 1356.4915, 1394.3703, 1432.8318, 1475.385, 1520.0279, 1564.0808, 1608.1337, 1664.3135, 1729.2486, 1786.0668]
growth_rate:-38.36
