ticker:ZIVO
price:[0.10999999940395355, 0.10999999940395355, 0.10999999940395355, 0.10999999940395355, 0.15000000596046448, 0.1599999964237213, 0.15000000596046448, 0.15000000596046448, 0.15000000596046448, 0.15000000596046448, 0.15000000596046448, 0.15000000596046448, 0.14000000059604645, 0.12999999523162842, 0.14000000059604645, 0.12999999523162842, 0.15000000596046448, 0.15000000596046448, 0.1599999964237213, 0.15000000596046448, 0.14000000059604645, 0.15000000596046448, 0.15000000596046448, 0.15000000596046448, 0.15000000596046448, 0.1599999964237213, 0.14000000059604645, 0.14000000059604645, 0.15000000596046448, 0.15000000596046448, 0.14000000059604645, 0.14000000059604645, 0.12999999523162842, 0.12999999523162842, 0.12999999523162842, 0.12999999523162842, 0.12999999523162842, 0.12999999523162842, 4.190000057220459, 4.289999961853027, 4.699999809265137, 4.380000114440918, 4.639999866485596, 4.28000020980835, 4.050000190734863, 4.03000020980835, 3.680000066757202, 3.5, 3.299999952316284, 3.1500000953674316, 3.200000047683716, 3.2300000190734863]
assets:[0, 99.9999984581396, 199.9999969162792, 299.9999953744188, 509.09091522945465, 643.0302736271531, 702.8409129283874, 802.8409069020302, 902.8409008756727, 1002.8408948493153, 1102.8408888229578, 1202.8408827966005, 1222.6514492054075, 1235.3191566887617, 1430.343760089652, 1428.1762946148037, 1747.8958444551376, 1847.8958384287803, 2071.0887697075573, 2041.6458361277134, 2005.5360445385188, 2248.7886893588307, 2348.788683332473, 2448.7886773061155, 2548.788671279758, 2818.707744996971, 2566.3693409262523, 2666.3693393519998, 2956.8243874936406, 3056.8243814672824, 2953.0359865724754, 3053.0359849982233, 2934.961870346236, 3034.961870678258, 3134.9618710102795, 3234.9618713423015, 3334.9618716743234, 3434.9618720063445, 110811.46878428951, 113556.13125125112, 124508.81119719743, 116131.62306429434, 123125.27418511249, 113672.46008829675, 107663.89327543383, 107232.22028268338, 98019.2449301224, 93324.82355, 88091.97511710522, 84187.7980938171, 85624.11103589866, 86526.83645394997]
shares:[0, 909.0909, 1818.1818, 2727.2727, 3393.9393, 4018.9393, 4685.6059, 5352.2725, 6018.9391, 6685.6057, 7352.2723, 8018.9389, 8733.2246, 9502.4554, 10216.7411, 10985.9719, 11652.6385, 12319.3051, 12944.3051, 13610.9717, 14325.2574, 14991.924, 15658.5906, 16325.2572, 16991.9238, 17616.9238, 18331.2095, 19045.4952, 19712.1618, 20378.8284, 21093.1141, 21807.3998, 22576.6306, 23345.8614, 24115.0922, 24884.323, 25653.5538, 26422.7846, 26446.6509, 26469.9609, 26491.2375, 26514.0685, 26535.6202, 26558.9847, 26583.6761, 26608.49, 26635.6639, 26664.2353, 26694.5383, 26726.2843, 26757.5343, 26788.4941]
growth_rate:1596.6
