ticker:ZIXI
price:[5.619999885559082, 5.400000095367432, 6.309999942779541, 5.690000057220459, 5.829999923706055, 6.539999961853027, 6.820000171661377, 6.5, 6.130000114440918, 6.710000038146973, 6.760000228881836, 7.190000057220459, 7.260000228881836, 7.550000190734863, 7.550000190734863, 8.40999984741211, 8.8100004196167, 8.630000114440918, 8.600000381469727, 8.789999961853027, 8.489999771118164, 8.149999618530273, 9.770000457763672, 10.020000457763672, 10.130000114440918, 7.380000114440918, 7.150000095367432, 7.889999866485596, 7.880000114440918, 7.340000152587891, 7.739999771118164, 7.570000171661377, 7.639999866485596, 7.369999885559082, 7.889999866485596, 7.099999904632568, 6.96999979019165, 6.940000057220459, 6.96999979019165, 6.960000038146973, 7.329999923706055, 7.110000133514404, 7.059999942779541, 7.070000171661377, 7.03000020980835, 6.670000076293945, 7.239999771118164, 7.409999847412109, 6.829999923706055, 7.289999961853027, 6.889999866485596, 7.679999828338623]
assets:[0, 99.99990176606178, 216.8519820335388, 295.5448619720936, 402.8168487285614, 551.8733187809944, 675.5012390025615, 743.80605, 801.4662519625664, 977.2980855560303, 1084.5805207220078, 1253.5700389763356, 1365.7744750579834, 1520.3299484079362, 1620.3297009342193, 1904.896923438263, 2095.4982448077203, 2152.6844885463715, 2245.2012395902634, 2394.804724606991, 2413.0710339460375, 2416.4341368961336, 2996.756148410034, 3173.4383529785155, 3308.2767103743554, 2510.175674925041, 2531.9451637713432, 2893.992776027918, 2990.325295428371, 2885.4047059833524, 3142.64733906784, 3173.6226479667666, 3302.9690542782787, 3286.240939971447, 3618.1061927744868, 3355.8369649242877, 3394.391988823271, 3479.7819586908818, 3594.824090789938, 3689.666540222645, 3985.8128015138627, 3966.184172478581, 4038.2924332701205, 4144.0127286176685, 4220.5674819616315, 4104.435905948067, 4555.189931994438, 4762.149033937073, 4489.403344851494, 4891.76420540247, 4723.354661470842, 5364.929160084486]
shares:[0, 18.5185, 34.3664, 51.9411, 69.0938, 84.3843, 99.0471, 114.4317, 130.7449, 145.648, 160.4409, 174.3491, 188.1232, 201.3682, 214.6132, 226.5038, 237.8545, 249.442, 261.0699, 272.4465, 284.2251, 296.495, 306.7304, 316.7104, 326.5821, 340.1322, 354.1182, 366.7925, 379.4829, 393.1069, 406.0268, 419.2368, 432.3258, 445.8943, 458.5686, 472.6531, 487.0003, 501.4095, 515.7567, 530.1245, 543.7671, 557.8318, 571.9961, 586.1404, 600.3652, 615.3577, 629.1699, 642.6652, 657.3065, 671.0239, 685.5377, 698.5585]
growth_rate:5.19
