ticker:ZKIN
price:[1.0700000524520874, 1.2400000095367432, 1.3600000143051147, 1.309999942779541, 1.284999966621399, 1.399999976158142, 1.3899999856948853, 1.5800000429153442, 1.5, 1.7599999904632568, 1.6749999523162842, 1.6399999856948853, 2.2200000286102295, 2.0299999713897705, 2.319999933242798, 2.2899999618530273, 2.240000009536743, 2.5899999141693115, 3.430000066757202, 3.2699999809265137, 3.2200000286102295, 2.869999885559082, 4.099999904632568, 5.300000190734863, 8.720000267028809, 6.010000228881836, 5.179999828338623, 6.389999866485596, 11.199999809265137, 9.800000190734863, 9.829999923706055, 7.860000133514404, 6.170000076293945, 5.909999847412109, 6.210000038146973, 5.449999809265137, 4.46999979019165, 4.190000057220459, 4.400000095367432, 4.769999980926514, 5.03000020980835, 4.699999809265137, 4.309999942779541, 3.950000047683716, 3.7179999351501465, 3.390000104904175, 3.180000066757202, 3.0999999046325684, 3.200000047683716, 3.240000009536743, 3.2100000381469727, 3.680000066757202]
assets:[0, 100.00004876909256, 209.67745820548535, 301.9687418100834, 396.2059672083259, 531.6641309458137, 627.8664685383438, 813.6899101011277, 872.49045, 1123.7221539109946, 1169.4514667081833, 1245.015173140192, 1785.3253550083637, 1732.5272265822648, 2080.0309721478225, 2153.13399213295, 2206.1224733925105, 2650.828911153483, 3610.5573282713412, 3542.134611339188, 3587.973581879735, 3297.976277493572, 4811.394578085279, 6319.607867428207, 10497.54354546175, 7335.118735346985, 6422.115095175839, 8022.262071380663, 14160.92919884081, 12490.813683105467, 12629.050132981682, 10198.101011230707, 8105.37978622551, 7863.823929967117, 8363.003325372505, 7439.5113396377565, 6201.7644269078255, 5913.287163754415, 6309.657336758137, 6940.242170248508, 7418.536552437544, 7031.8328046349525, 6548.340659062863, 6101.379818654799, 5843.020195485257, 5427.552209956599, 5191.331982980752, 5160.732281236839, 5427.207760871696, 5595.047800468684, 5643.24169906311, 6569.510727174496]
shares:[0, 80.6452, 154.1746, 230.5105, 308.3315, 379.7601, 451.7025, 514.9936, 581.6603, 638.4785, 698.18, 759.1556, 804.2006, 853.4617, 896.5651, 940.2332, 984.8761, 1023.4861, 1052.6406, 1083.2216, 1114.2775, 1149.1207, 1173.5109, 1192.3788, 1203.8467, 1220.4856, 1239.7906, 1255.4401, 1264.3687, 1274.5728, 1284.7457, 1297.4683, 1313.6758, 1330.5963, 1346.6994, 1365.048, 1387.4194, 1411.2857, 1434.013, 1454.9774, 1474.8581, 1496.1347, 1519.3366, 1544.6531, 1571.5493, 1601.0478, 1632.4943, 1664.7524, 1696.0024, 1726.8666, 1758.0192, 1785.1931]
growth_rate:28.81
