ticker:ZLAB
price:[77.91000366210938, 75.16999816894531, 79.2699966430664, 79.33000183105469, 84.54000091552734, 93.0, 90.44000244140625, 87.19999694824219, 82.05000305175781, 88.05000305175781, 103.5, 104.30999755859375, 108.13999938964844, 108.0, 108.87000274658203, 125.25, 133.77999877929688, 135.33999633789062, 145.83999633789062, 170.89999389648438, 181.75999450683594, 160.07000732421875, 177.52000427246094, 182.57000732421875, 175.36000061035156, 147.52000427246094, 137.25, 143.69000244140625, 132.47000122070312, 128.4199981689453, 130.9600067138672, 132.6300048828125, 164.2899932861328, 173.07000732421875, 166.2100067138672, 158.13999938964844, 152.92999267578125, 164.75, 177.66000366210938, 171.47000122070312, 169.6300048828125, 157.3000030517578, 173.7100067138672, 175.89999389648438, 169.0, 156.72000122070312, 150.0, 144.61000061035156, 148.94000244140625, 150.24000549316406, 134.1699981689453, 137.25999450683594]
assets:[0, 99.99864856414796, 205.45197729949953, 305.61089905395505, 425.6842666099549, 568.2858, 652.6421896179199, 729.2622944778442, 786.1949242416381, 943.6847127075195, 1209.2733, 1318.7391441345214, 1467.1569997192382, 1565.2548, 1677.8609343292237, 2030.3025, 2268.574329299927, 2395.0307111938478, 2680.8453966827396, 3241.4943642333983, 3547.4825167877193, 3224.1460945251465, 3675.6226964630127, 3880.1786226623535, 3826.9514373199463, 3319.3918721359255, 3188.3037750000003, 3437.8982604125977, 3269.452359127808, 3269.4961013824463, 3434.1642560577393, 3577.959641723633, 4532.054467793274, 4874.257151275635, 4781.047464125061, 4648.92063205719, 4595.760381896973, 5050.9714, 5546.7762723358155, 5453.517653823853, 5494.9943781738275, 5195.571910798645, 5837.594259622193, 6011.188801419068, 5875.386399999999, 5548.467907217408, 5410.5599999999995, 5316.138381437682, 5575.315793389893, 5723.978945283508, 5211.726242874146, 5431.748584620666]
shares:[0, 1.3303, 2.5918, 3.8524, 5.0353, 6.1106, 7.2163, 8.3631, 9.5819, 10.7176, 11.6838, 12.6425, 13.5672, 14.4931, 15.4116, 16.21, 16.9575, 17.6964, 18.3821, 18.9672, 19.5174, 20.1421, 20.7054, 21.2531, 21.8234, 22.5013, 23.2299, 23.9258, 24.6807, 25.4594, 26.223, 26.977, 27.5857, 28.1635, 28.7651, 29.3975, 30.0514, 30.6584, 31.2213, 31.8045, 32.394, 33.0297, 33.6054, 34.1739, 34.7656, 35.4037, 36.0704, 36.7619, 37.4333, 38.0989, 38.8442, 39.5727]
growth_rate:6.5
