ticker:ZM
price:[369.8900146484375, 383.0, 438.7300109863281, 496.5, 482.2300109863281, 492.4100036621094, 559.0, 511.5199890136719, 460.9100036621094, 500.1099853515625, 403.5799865722656, 439.6000061035156, 471.6099853515625, 410.010009765625, 397.010009765625, 406.010009765625, 375.1700134277344, 337.32000732421875, 349.6099853515625, 384.5299987792969, 383.3999938964844, 372.07000732421875, 419.5899963378906, 433.1099853515625, 417.260009765625, 373.6099853515625, 337.42999267578125, 346.3900146484375, 326.260009765625, 319.95001220703125, 326.2300109863281, 322.6499938964844, 329.95001220703125, 336.8800048828125, 319.57000732421875, 295.239990234375, 307.8900146484375, 316.3999938964844, 331.5299987792969, 336.0, 366.3999938964844, 374.239990234375, 372.4700012207031, 388.8900146484375, 385.0799865722656, 361.9700012207031, 359.2300109863281, 378.1000061035156, 383.4700012207031, 355.239990234375, 336.8599853515625, 340.80999755859375]
assets:[0, 100.0013, 214.53897537231444, 342.7836, 432.9461038635254, 542.0941730316162, 715.4082000000001, 754.6454397918701, 779.9979991973877, 946.3581252807618, 863.7015292633056, 1040.7969744506836, 1216.5651182128906, 1157.6632625732423, 1220.9645840332032, 1348.6434494384764, 1346.1850421813965, 1310.3870324523925, 1458.1183659057617, 1703.7755185913084, 1798.7594113647463, 1845.6160643310548, 2181.3225139617916, 2351.6139764648437, 2365.5721733642577, 2218.1224830322267, 2103.3361163452146, 2259.190314538574, 2227.899102685547, 2284.7950321716307, 2429.6306298217773, 2502.9573276519777, 2659.5950683959963, 2815.440952807617, 2770.7678345031736, 2659.8170720214844, 2873.783818725586, 3053.228301101685, 3299.2207828521728, 3443.6976, 3855.260735778809, 4037.7501026367186, 4118.661532498169, 4400.21273774414, 4457.108304580689, 4289.634090466308, 4357.172649255372, 4686.058045645142, 4852.621130447388, 4595.384513671875, 4457.6345001586915, 4609.898269976807]
shares:[0, 0.2611, 0.489, 0.6904, 0.8978, 1.1009, 1.2798, 1.4753, 1.6923, 1.8923, 2.1401, 2.3676, 2.5796, 2.8235, 3.0754, 3.3217, 3.5882, 3.8847, 4.1707, 4.4308, 4.6916, 4.9604, 5.1987, 5.4296, 5.6693, 5.937, 6.2334, 6.5221, 6.8286, 7.1411, 7.4476, 7.7575, 8.0606, 8.3574, 8.6703, 9.009, 9.3338, 9.6499, 9.9515, 10.2491, 10.522, 10.7892, 11.0577, 11.3148, 11.5745, 11.8508, 12.1292, 12.3937, 12.6545, 12.936, 13.2329, 13.5263]
growth_rate:-9.61
