ticker:ZNGA
price:[8.75, 8.350000381469727, 8.460000038146973, 8.960000038146973, 9.319999694824219, 9.3100004196167, 9.15999984741211, 9.4399995803833, 8.989999771118164, 8.729999542236328, 8.130000114440918, 8.350000381469727, 8.229999542236328, 8.779999732971191, 8.6899995803833, 9.9399995803833, 9.90999984741211, 9.869999885559082, 9.920000076293945, 9.670000076293945, 10.710000038146973, 9.90999984741211, 10.680000305175781, 11.600000381469727, 12.180000305175781, 11.149999618530273, 10.3100004196167, 10.15999984741211, 9.979999542236328, 10.0600004196167, 10.479999542236328, 10.609999656677246, 10.5600004196167, 10.670000076293945, 10.819999694824219, 10.989999771118164, 10.229999542236328, 10.319999694824219, 10.84000015258789, 10.489999771118164, 10.550000190734863, 10.319999694824219, 10.649999618530273, 10.90999984741211, 10.529999732971191, 10.319999694824219, 10.449999809265137, 10.100000381469727, 7.989999771118164, 8.270000457763672, 8.510000228881836, 9.0]
assets:[0, 99.99960456848146, 201.3166989077568, 313.21472133350375, 425.79909805755614, 525.3419106780052, 616.8774417240143, 735.7337432959556, 800.6619656154633, 877.5063799873352, 917.1965319108009, 1042.0157526044845, 1127.0408273124697, 1302.3593103909493, 1389.0095329284668, 1688.809904706955, 1783.7127645355224, 1876.5130012421607, 1986.0187352743148, 2035.9682320632935, 2354.935157387829, 2279.029421908951, 2556.1085530395508, 2876.2978145879747, 3120.1129201759336, 2956.260723858833, 2833.546903325271, 2892.321324561691, 2941.078919098282, 3064.6553898310663, 3292.603112179947, 3433.446816899109, 3517.2668597636225, 3653.905248126602, 3805.271626673126, 3965.058938422203, 3790.860343369675, 3924.2108439559934, 4221.9426634296415, 4185.62529867363, 4309.566412913227, 4315.613344381713, 4553.612881895256, 4764.780965359498, 4698.821787843227, 4705.112836863708, 4864.382951214599, 4801.461401347732, 3898.383210326767, 4134.997747881699, 4354.997723130417, 4705.755300000001]
shares:[0, 11.976, 23.7963, 34.957, 45.6866, 56.4277, 67.3447, 77.9379, 89.0614, 100.5162, 112.8163, 124.7923, 136.943, 148.3325, 159.84, 169.9004, 179.9912, 190.1229, 200.2035, 210.5448, 219.8819, 229.9727, 239.336, 247.9567, 256.1669, 265.1355, 274.8348, 284.6773, 294.6973, 304.6377, 314.1797, 323.6048, 333.0745, 342.4466, 351.6887, 360.7879, 370.5631, 380.253, 389.4781, 399.011, 408.4897, 418.1796, 427.5693, 436.7352, 446.2319, 455.9218, 465.4912, 475.3922, 487.9078, 499.9997, 511.7506, 522.8617]
growth_rate:-7.73
