ticker:ZNTEW
price:[2.180000066757202, 2.8299999237060547, 3.5999999046325684, 2.9800000190734863, 3.450000047683716, 3.4000000953674316, 3.25, 2.634999990463257, 1.850000023841858, 1.8899999856948853, 1.649999976158142, 1.3200000524520874, 1.2599999904632568, 1.4299999475479126, 1.2000000476837158, 1.0800000429153442, 1.0299999713897705, 0.9100000262260437, 1.0199999809265137, 0.9900000095367432, 1.149999976158142, 1.340000033378601, 1.440000057220459, 1.3600000143051147, 1.2999999523162842, 1.2599999904632568, 1.159999966621399, 1.125, 1.034999966621399, 0.9399999976158142, 0.9599999785423279, 0.9599999785423279, 0.9200000166893005, 0.9300000071525574, 0.9100000262260437]
assets:[0, 100.00002830410004, 227.2085939810276, 288.0780918438435, 433.513205991745, 527.2305347884178, 603.97025, 589.6805873657942, 514.0073366242647, 625.121086268556, 645.7406906692981, 616.5926165011882, 688.5656767883538, 881.4674116679669, 839.6929533663988, 855.7236700034022, 916.1067975533723, 909.3759482080579, 1119.3004470696449, 1186.3798764284847, 1478.1179693555832, 1822.3288913931249, 2058.323553790426, 2043.972173499453, 2053.7968646671775, 2090.603198176551, 2024.6822697404623, 2063.5927874999998, 1998.505344048488, 1915.0677291426837, 2055.8138420489786, 2155.8138718138043, 2165.9884232922077, 2289.53177060861, 2340.2945694468854]
shares:[0, 35.3357, 63.1135, 96.6705, 125.656, 155.0678, 185.837, 223.7877, 277.8418, 330.7519, 391.358, 467.1156, 546.4807, 616.4108, 699.7441, 792.3367, 889.4241, 999.3142, 1097.3534, 1198.3635, 1285.32, 1359.9469, 1429.3913, 1502.9207, 1579.8438, 1659.2089, 1745.4158, 1834.3047, 1930.9231, 2037.3061, 2141.4728, 2245.6395, 2354.3352, 2461.8621, 2571.7522]
growth_rate:-31.17
