ticker:ZNTE
price:[10.4399995803833, 10.760000228881836, 13.100000381469727, 11.850000381469727, 14.140000343322754, 13.050000190734863, 12.699999809265137, 10.890000343322754, 10.359999656677246, 10.420000076293945, 10.069999694824219, 10.050000190734863, 10.0, 10.09000015258789, 10.039999961853027, 10.010000228881836, 10.010000228881836, 10.020000457763672, 10.029999732971191, 10.010000228881836, 10.020000457763672, 10.039999961853027, 10.100000381469727, 10.100000381469727, 10.069999694824219, 10.0600004196167, 10.050000190734863, 10.029999732971191, 10.020000457763672, 10.029999732971191, 10.029999732971191, 10.039999961853027, 10.069999694824219, 10.069999694824219, 10.100000381469727]
assets:[0, 100.00021412715911, 221.7476364572525, 300.58829467639924, 458.6761591367722, 523.3180576486587, 609.2824908494949, 622.447372623539, 692.1536490625381, 796.1619878293991, 869.4196056518554, 967.6924083654404, 1062.8780000000002, 1172.4438917304992, 1266.6343471874236, 1362.8495191619872, 1462.849421448517, 1564.3104474655152, 1665.871622649479, 1762.549829301262, 1864.310263171005, 1968.0317565224648, 2079.793088552284, 2179.793192329216, 2273.3185431060792, 2371.061618900299, 2468.7041568525315, 2563.791300744152, 2661.2349675785067, 2763.890798416901, 2863.890898754597, 2966.7466967278483, 3075.6115307922364, 3175.6116627616884, 3285.0725940748216]
shares:[0, 9.2937, 16.9273, 25.3661, 32.4382, 40.101, 47.975, 57.1577, 66.8102, 76.4071, 86.3376, 96.2878, 106.2878, 116.1986, 126.1588, 136.1488, 146.1388, 156.1188, 166.0889, 176.0789, 186.0589, 196.0191, 205.9201, 215.8211, 225.7516, 235.692, 245.6422, 255.6123, 265.5923, 275.5624, 285.5325, 295.4927, 305.4232, 315.3537, 325.2547]
growth_rate:-3.38
