ticker:ZNTEU
price:[10.029999732971191, 10.09000015258789, 10.119999885559082, 10.194999694824219, 10.244999885559082, 10.5, 10.520000457763672, 11.1899995803833, 12.029999732971191, 14.779999732971191, 13.25, 15.619999885559082, 14.489999771118164, 14.289999961853027, 11.960000038146973, 11.1899995803833, 11.279999732971191, 10.880000114440918, 10.59000015258789, 10.619999885559082, 10.729999542236328, 10.579999923706055, 10.5, 10.600000381469727, 10.479999542236328, 10.5, 10.699999809265137, 10.5600004196167, 10.699999809265137, 10.8149995803833, 10.875, 10.680000305175781, 10.65999984741211, 10.64900016784668, 10.600000381469727, 10.510000228881836, 10.449999809265137, 10.470000267028809, 10.5600004196167, 10.579999923706055, 10.5, 10.5]
assets:[0, 99.99997351226807, 200.29706173496248, 301.7811664665222, 403.2616364953995, 513.2987999999999, 614.2765027294159, 753.3991727480889, 909.9551948018075, 1217.9665699951172, 1191.8852, 1505.0744609729766, 1496.1924573663712, 1575.5410877941133, 1418.6473645248414, 1427.313540476799, 1538.7927475725173, 1584.2259366636276, 1641.9996446590421, 1746.6512031781197, 1864.7430144462585, 1938.674954019928, 2024.0157, 2143.2925171321867, 2219.0288150733945, 2323.2636, 2467.516256014824, 2535.2311727410315, 2668.842102426052, 2797.525674957371, 2913.0460125000004, 2960.8122126037597, 3055.2678862667085, 3152.1157635828017, 3237.612176514244, 3310.122470086288, 3391.225578102875, 3497.716130206394, 3627.7825441551213, 3734.653217068863, 3806.4138000000003, 3906.4137]
shares:[0, 9.9108, 19.7922, 29.6009, 39.3618, 48.8856, 58.3913, 67.3279, 75.6405, 82.4064, 89.9536, 96.3556, 103.2569, 110.2548, 118.616, 127.5526, 136.4178, 145.609, 155.0519, 164.4681, 173.7878, 183.2396, 192.7634, 202.1974, 211.7394, 221.2632, 230.609, 240.0787, 249.4245, 258.6709, 267.8663, 277.2296, 286.6105, 296.0011, 305.4351, 314.9498, 324.5192, 334.0703, 343.54, 352.9918, 362.5156, 372.0394]
growth_rate:-4.72
