ticker:ZNTL
price:[27.030000686645508, 29.100000381469727, 29.399999618530273, 29.020000457763672, 31.93000030517578, 40.36000061035156, 42.0, 41.68000030517578, 39.59000015258789, 41.380001068115234, 40.5, 46.0, 50.900001525878906, 50.97999954223633, 52.0, 51.119998931884766, 57.20000076293945, 51.939998626708984, 49.56999969482422, 49.130001068115234, 43.220001220703125, 38.369998931884766, 40.81999969482422, 36.45000076293945, 38.31999969482422, 42.040000915527344, 42.33000183105469, 50.849998474121094, 43.939998626708984, 41.16999816894531, 43.34000015258789, 37.40999984741211, 50.68000030517578, 59.13999938964844, 59.31999969482422, 59.18000030517578, 58.81999969482422, 58.029998779296875, 55.849998474121094, 52.25, 56.15999984741211, 50.150001525878906, 51.470001220703125, 49.7599983215332, 52.33000183105469, 47.36000061035156, 50.9900016784668, 53.209999084472656, 53.02000045776367, 52.599998474121094, 55.2599983215332, 64.16999816894531]
assets:[0, 99.99924131088257, 201.0313173915863, 298.4329787075043, 428.3601120941162, 641.4535977005005, 767.5206000000001, 861.6714863090515, 918.4642495399476, 1059.9901073608398, 1137.4465500000001, 1391.914, 1640.1812891693114, 1742.7614803512574, 1877.6316, 1945.8571993427279, 2277.292190374756, 2167.8768566814424, 2168.9551646469117, 2249.702052909851, 2079.0765487213134, 1945.7695048351288, 2170.0115937767027, 2037.7008426513673, 2242.241134143066, 2559.9123477485655, 2677.571566822815, 3316.503005480194, 2965.822481306839, 2878.857408961487, 3130.5955670219423, 2802.252153570175, 3896.2632194618227, 4646.665236044311, 4760.80962350769, 4849.576141007996, 4920.075340473175, 4953.991980789185, 4867.885867004395, 4654.111274999999, 5102.388706136703, 4656.352416675568, 4878.913473712158, 4816.817597522736, 5165.593907746887, 4774.99628553772, 5240.986926520538, 5569.166023177338, 5649.281048774719, 5704.527694516754, 6093.006096931076, 7175.431442253113]
shares:[0, 3.4364, 6.8378, 10.2837, 13.4156, 15.8933, 18.2743, 20.6735, 23.1994, 25.616, 28.0851, 30.259, 32.2236, 34.1852, 36.1083, 38.0645, 39.8128, 41.7381, 43.7554, 45.7908, 48.1045, 50.7107, 53.1605, 55.904, 58.5136, 60.8923, 63.2547, 65.2213, 67.4971, 69.9261, 72.2334, 74.9065, 76.8797, 78.5706, 80.2564, 81.9462, 83.6463, 85.3695, 87.16, 89.0739, 90.8545, 92.8485, 94.7914, 96.801, 98.7119, 100.8234, 102.7846, 104.6639, 106.55, 108.4511, 110.2607, 111.8191]
growth_rate:40.69
