ticker:ZS
price:[134.33999633789062, 128.5, 129.10000610351562, 138.27000427246094, 142.0500030517578, 151.9600067138672, 154.85000610351562, 147.0500030517578, 135.75, 150.05999755859375, 131.9199981689453, 143.00999450683594, 149.74000549316406, 180.75, 181.91000366210938, 195.8800048828125, 205.27000427246094, 199.7100067138672, 197.3699951171875, 211.05999755859375, 217.36000061035156, 199.6999969482422, 216.77999877929688, 226.47999572753906, 226.02999877929688, 205.02999877929688, 175.3699951171875, 184.61000061035156, 181.55999755859375, 169.77999877929688, 175.77000427246094, 185.0399932861328, 192.49000549316406, 190.25999450683594, 187.63999938964844, 169.32000732421875, 165.33999633789062, 170.0800018310547, 194.1999969482422, 185.8000030517578, 207.7899932861328, 218.60000610351562, 218.83999633789062, 214.77999877929688, 227.7899932861328, 221.16000366210938, 238.72000122070312, 235.91000366210938, 242.0500030517578, 245.14999389648438, 246.39999389648438, 273.7300109863281]
assets:[0, 99.9987, 200.46648947753906, 314.70252972412106, 423.30900909423826, 552.8457004257202, 663.3619411468505, 729.9415101486205, 773.8428749999999, 955.4169984558106, 939.9167949539185, 1118.9387990203859, 1271.5921266479493, 1634.9379749999998, 1745.4264851379396, 1979.4653893432617, 2174.363574256897, 2215.4629884796145, 2289.5116803588867, 2548.317304522705, 2724.3902476501466, 2603.049520220947, 2925.6845415252687, 3156.5875884521483, 3250.3113824462894, 3048.324512850952, 2707.344447619629, 2949.9939657531736, 3001.259383642578, 2906.5317111022946, 3109.0725665725713, 3373.0385256149293, 3608.8411209869387, 3667.033082125855, 3716.5291759109496, 3453.6709853942875, 3472.4871370880123, 3672.0442475326536, 4292.790932540894, 4207.106629101562, 4805.039699745178, 5155.025343933105, 5260.694671966553, 5263.097958087158, 5681.902476531983, 5616.535221002197, 6162.485215512084, 6189.948222088624, 6451.044066334534, 6633.660774841309, 6767.474392364502, 7618.097816757202]
shares:[0, 0.7782, 1.5528, 2.276, 2.98, 3.6381, 4.2839, 4.9639, 5.7005, 6.3669, 7.1249, 7.8242, 8.492, 9.0453, 9.595, 10.1055, 10.5927, 11.0934, 11.6001, 12.0739, 12.534, 13.0348, 13.4961, 13.9376, 14.38, 14.8677, 15.4379, 15.9796, 16.5304, 17.1194, 17.6883, 18.2287, 18.7482, 19.2738, 19.8067, 20.3973, 21.0021, 21.5901, 22.105, 22.6432, 23.1245, 23.582, 24.039, 24.5046, 24.9436, 25.3958, 25.8147, 26.2386, 26.6517, 27.0596, 27.4654, 27.8307]
growth_rate:49.37
