ticker:ZSAN
price:[1.3600000143051147, 1.5, 1.7799999713897705, 1.7000000476837158, 0.6600000262260437, 0.7039999961853027, 0.6700000166893005, 0.4339999854564667, 0.38199999928474426, 0.335999995470047, 0.4620000123977661, 0.5889999866485596, 0.6470000147819519, 0.621999979019165, 0.6449999809265137, 0.5830000042915344, 0.6069999933242798, 0.5270000100135803, 0.8100000023841858, 0.8629999756813049, 1.0800000429153442, 0.9200000166893005, 1.100000023841858, 1.6299999952316284, 1.4900000095367432, 1.2799999713897705, 1.0700000524520874, 1.3200000524520874, 1.4199999570846558, 1.159999966621399, 1.2300000190734863, 1.2100000381469727, 1.0199999809265137, 0.9160000085830688, 0.9319999814033508, 0.8360000252723694, 0.7369999885559082, 0.7559999823570251, 0.800000011920929, 0.8159999847412109, 0.9409999847412109, 0.9800000190734863, 0.9800000190734863, 0.8999999761581421, 0.8450000286102295, 0.796999990940094, 0.8019999861717224, 0.7599999904632568, 0.7739999890327454, 0.7200000286102295, 0.621999979019165, 0.6990000009536743]
assets:[0, 100.00005000000002, 218.66676648533345, 308.8390086627006, 219.90217473812697, 334.5623405871391, 418.40449142220615, 371.02619696674645, 426.5714536012888, 475.20422239329514, 753.4058272176385, 1060.5108501603604, 1264.9415120000065, 1316.0642536075115, 1464.729037686062, 1423.9334356817483, 1582.551565595269, 1473.978080107206, 2365.5070779627263, 2620.2871281622647, 3379.1544622755287, 2978.5389700323167, 3661.2966193564653, 5525.375776836169, 5150.803680967712, 4524.851354861688, 3882.4931573222993, 4889.617718295944, 5360.042882008385, 4478.626587129056, 4848.888732191229, 4870.045058535099, 4205.327015362502, 3876.5486763238905, 4044.261164502889, 3727.685071488315, 3386.248521918535, 3573.546598203182, 3881.530937839317, 4059.161405695724, 4780.969204974174, 5079.117932853555, 5179.117918799829, 4856.332551351118, 4659.556955764484, 4494.871852204496, 4623.0705346879, 4480.964579771304, 4663.508681320041, 4438.147856356144, 3934.0663326990366, 4521.081118968296]
shares:[0, 66.6667, 122.8465, 181.67, 333.1851, 475.2306, 624.4843, 854.8991, 1116.6792, 1414.2983, 1630.7485, 1800.5278, 1955.0873, 2115.859, 2270.8978, 2442.4244, 2607.169, 2796.9223, 2920.3791, 3036.254, 3128.8466, 3237.5423, 3328.4514, 3389.8011, 3456.9152, 3535.0402, 3628.4981, 3704.2557, 3774.6782, 3860.8851, 3942.1859, 4024.8305, 4122.8697, 4232.04, 4339.3361, 4458.9533, 4594.6385, 4726.9136, 4851.9136, 4974.4626, 5080.7325, 5182.7733, 5284.8141, 5395.9252, 5514.2684, 5639.7389, 5764.4272, 5896.0061, 6025.2051, 6164.094, 6324.8657, 6467.9272]
growth_rate:-11.35
