ticker:ZUMZ
price:[27.290000915527344, 28.440000534057617, 30.010000228881836, 27.15999984741211, 28.170000076293945, 31.290000915527344, 32.369998931884766, 31.190000534057617, 28.0, 29.940000534057617, 32.439998626708984, 34.75, 37.40999984741211, 36.720001220703125, 36.88999938964844, 37.90999984741211, 36.0099983215332, 36.779998779296875, 40.040000915527344, 45.0, 44.040000915527344, 43.08000183105469, 46.27000045776367, 46.869998931884766, 46.040000915527344, 45.08000183105469, 46.029998779296875, 45.5, 46.34000015258789, 43.849998474121094, 43.5, 46.939998626708984, 45.70000076293945, 44.90999984741211, 42.970001220703125, 45.88999938964844, 43.88999938964844, 41.36000061035156, 43.81999969482422, 47.29999923706055, 46.939998626708984, 43.25, 49.040000915527344, 50.5, 49.16999816894531, 42.91999816894531, 43.439998626708984, 43.650001525878906, 42.5099983215332, 42.279998779296875, 41.36000061035156, 42.66999816894531]
assets:[0, 100.00072987785339, 205.52048556747437, 286.00294639320373, 396.639235074234, 540.5691848167419, 659.227976247406, 735.1982165885926, 760.004, 912.6610362796783, 1088.8680179046632, 1266.404675, 1463.344518031311, 1536.3538350738525, 1643.4679178085328, 1788.9084457996369, 1799.250369134903, 1937.7248116882324, 2209.4753185203554, 2583.1755, 2628.069438633728, 2670.783485517883, 2968.5490463687897, 3107.0450381938936, 3152.022770679474, 3186.299609420776, 3353.446516067505, 3414.8341499999997, 3577.878973781204, 3485.627608708191, 3557.8084500000004, 3939.162438754654, 3935.103675694656, 3967.0799265213013, 3895.71187467041, 4260.441310334778, 4174.759684944153, 4034.109699531555, 4374.051021537781, 4821.4213622314455, 4884.726465090942, 4600.731725, 5316.64717925644, 5574.93235, 5528.109139137268, 4925.430317871093, 5085.103615242005, 5209.688792115784, 5173.628333724213, 5245.637168548584, 5231.494125201416, 5497.192932104492]
shares:[0, 3.5162, 6.8484, 10.5303, 14.0802, 17.2761, 20.3654, 23.5716, 27.143, 30.483, 33.5656, 36.4433, 39.1164, 41.8397, 44.5505, 47.1883, 49.9653, 52.6842, 55.1817, 57.4039, 59.6746, 61.9959, 64.1571, 66.2907, 68.4627, 70.681, 72.8535, 75.0513, 77.2093, 79.4898, 81.7887, 83.9191, 86.1073, 88.334, 90.6612, 92.8403, 95.1187, 97.5365, 99.8186, 101.9328, 104.0632, 106.3753, 108.4145, 110.3947, 112.4285, 114.7584, 117.0604, 119.3514, 121.7038, 124.069, 126.4868, 128.8304]
growth_rate:7.79
