ticker:ZVO
price:[4.519999980926514, 4.019999980926514, 4.309999942779541, 4.050000190734863, 4.03000020980835, 4.53000020980835, 4.630000114440918, 4.190000057220459, 3.609999895095825, 3.5299999713897705, 3.630000114440918, 4.03000020980835, 3.6500000953674316, 4.130000114440918, 4.349999904632568, 4.059999942779541, 4.050000190734863, 4.739999771118164, 4.630000114440918, 5.409999847412109, 5.5, 5.119999885559082, 5.639999866485596, 6.579999923706055, 6.050000190734863, 5.130000114440918, 4.71999979019165, 5.610000133514404, 5.869999885559082, 4.690000057220459, 4.199999809265137, 3.809999942779541, 3.799999952316284, 3.700000047683716, 3.7100000381469727, 3.549999952316284, 2.0899999141693115, 2.2100000381469727, 2.3499999046325684, 2.559999942779541, 2.799999952316284, 2.859999895095825, 2.7100000381469727, 2.740000009536743, 2.559999942779541, 2.4600000381469727, 2.9000000953674316, 2.450000047683716, 2.3399999141693115, 2.380000114440918, 2.259999990463257, 2.4700000286102295]
assets:[0, 99.99991152553558, 207.21402224898338, 294.7140588795662, 393.25870447368624, 542.0503121052265, 654.0162221654892, 691.8632844483852, 696.0920927720308, 780.6662006727935, 902.7813914614677, 1102.261477385521, 1098.3262736971378, 1342.7638092075347, 1514.291081801367, 1513.3381826714517, 1609.6110158046722, 1983.840636205673, 2037.8024133688928, 2481.103834020996, 2622.3791, 2541.196743199825, 2899.287051365852, 3482.5018076210017, 3301.996329100132, 2899.874665690899, 2768.1104289549353, 3390.0636146813395, 3647.1788528949737, 3014.0154047725678, 2799.118012883472, 2639.1999143631933, 2732.2729257144924, 2760.3709755742548, 2867.831513487625, 2844.151331797266, 1774.4439941283465, 1976.3261261135103, 2201.5231506580353, 2498.255048159647, 2832.4665117633817, 2993.1620622114656, 2936.178267330742, 3068.6821906807427, 2967.0898536803725, 2951.187999763775, 3579.0429476979734, 3123.67411079526, 3083.427246900558, 3236.1356596076967, 3172.969022610712, 3567.802409326172]
shares:[0, 24.8756, 48.0775, 72.7689, 97.5828, 119.6579, 141.2562, 165.1225, 192.8233, 221.1519, 248.7001, 273.514, 300.9113, 325.1244, 348.1129, 372.7434, 397.4348, 418.5318, 440.1301, 458.6144, 476.7962, 496.3275, 514.058, 529.2556, 545.7845, 565.2777, 586.4641, 604.2894, 621.3252, 642.6472, 666.4567, 692.7034, 719.0192, 746.0462, 773.0004, 801.1694, 849.0163, 894.2652, 936.8184, 975.8809, 1011.5952, 1046.5602, 1083.4606, 1119.957, 1159.0195, 1199.6699, 1234.1527, 1274.969, 1317.704, 1359.7208, 1403.9686, 1444.4544]
growth_rate:-30.04
