ticker:ZWRKU
price:[10.399999618530273, 10.670000076293945, 10.699999809265137, 10.680000305175781, 10.40999984741211, 10.199999809265137, 10.180000305175781, 10.005000114440918, 10.03499984741211, 10.0, 10.0, 10.029999732971191, 9.989999771118164, 10.00100040435791, 10.0, 9.949999809265137, 9.949999809265137, 9.9399995803833, 9.930000305175781, 9.9350004196167, 9.9399995803833, 10.0, 9.989999771118164, 9.970000267028809, 9.989999771118164, 10.0, 9.899999618530273, 9.920000076293945, 9.920000076293945, 9.890000343322754, 9.869999885559082, 9.850000381469727]
assets:[0, 100.00030771503448, 200.2815264298439, 299.9072245697021, 392.32478724937437, 484.41023094177245, 583.4606094909668, 673.4305547029495, 775.449595708847, 872.745, 972.745, 1075.6633093626024, 1171.373427162552, 1272.663305056, 1372.536, 1465.6737769040108, 1565.6742599870681, 1664.1010537500383, 1762.427097164154, 1863.3142961993217, 1964.2522630791664, 2076.109, 2174.032741190529, 2269.6805307893756, 2374.233335603714, 2476.61, 2551.8437016716002, 2656.998612434769, 2756.9981652038573, 2848.6603148887634, 2942.8993728775977, 3036.936357614136]
shares:[0, 9.3721, 18.7179, 28.0812, 37.6873, 47.4912, 57.3144, 67.3094, 77.2745, 87.2745, 97.2745, 107.2446, 117.2546, 127.2536, 137.2536, 147.3039, 157.3542, 167.4146, 177.4851, 187.5505, 197.6109, 207.6109, 217.6209, 227.651, 237.661, 247.661, 257.762, 267.8426, 277.9232, 288.0344, 298.1661, 308.3184]
growth_rate:-2.03
