ticker:ZWRK
price:[9.789999961853027, 9.770000457763672, 9.746999740600586, 9.739999771118164, 9.6899995803833, 9.739999771118164, 9.720000267028809, 9.649999618530273, 9.710000038146973, 9.670000076293945, 9.699999809265137, 9.710000038146973, 9.670000076293945, 9.670000076293945, 9.65999984741211, 9.65999984741211, 9.680000305175781, 9.630000114440918, 9.630000114440918, 9.6899995803833, 9.670000076293945, 9.619999885559082]
assets:[0, 99.99986268539429, 199.76475968360901, 299.62089895915983, 398.0826247613907, 500.13632624721527, 599.1097124588013, 694.7951475343704, 799.1155251394272, 895.823972067833, 998.6033403640747, 1099.6332293200494, 1195.1037054290773, 1295.1040772180559, 1393.7650639842989, 1493.7653824047088, 1596.8583463432312, 1688.6099270670888, 1788.6097742554666, 1899.7534877328872, 1995.8328967466352, 2085.5130411904333]
shares:[0, 10.2354, 20.495, 30.7619, 41.0818, 51.3487, 61.6368, 71.9995, 82.2982, 92.6395, 102.9488, 113.2475, 123.5888, 133.9301, 144.2821, 154.6341, 164.9647, 175.3489, 185.7331, 196.053, 206.3943, 216.7893]
growth_rate:-0.69
