ticker:ZYNE
price:[3.630000114440918, 3.549999952316284, 3.700000047683716, 3.2799999713897705, 3.2899999618530273, 3.680000066757202, 3.8499999046325684, 3.7200000286102295, 3.430000066757202, 3.7300000190734863, 3.799999952316284, 4.21999979019165, 4.610000133514404, 4.550000190734863, 4.039999961853027, 3.4000000953674316, 3.4200000762939453, 3.299999952316284, 3.490000009536743, 3.5899999141693115, 3.5799999237060547, 3.490000009536743, 5.079999923706055, 5.635000228881836, 5.420000076293945, 4.494999885559082, 4.150000095367432, 4.710000038146973, 5.309999942779541, 4.619999885559082, 4.78000020980835, 4.28000020980835, 3.9700000286102295, 4.210000038146973, 4.409999847412109, 4.489999771118164, 4.460000038146973, 4.840000152587891, 5.679999828338623, 5.159999847412109, 5.639999866485596, 5.46999979019165, 5.980000019073486, 5.230000019073486, 5.139999866485596, 4.570000171661377, 4.510000228881836, 4.409999847412109, 4.440000057220459, 4.090000152587891, 3.740000009536743, 4.150000095367432]
assets:[0, 99.99994865679741, 204.22520263195037, 281.04286154856686, 381.8995765719414, 527.1703135631561, 651.5231638612747, 729.5236256107091, 772.6521050379276, 940.2311758079052, 1057.876286725402, 1274.7994806200027, 1492.61293522892, 1573.1862259475708, 1496.851093866253, 1359.7263381392956, 1467.724838742256, 1516.2255680911303, 1703.523448655033, 1852.335127713871, 1947.1755625034334, 1998.22428446033, 3008.589822815514, 3437.284210115242, 3406.1367179460526, 2924.830798534965, 2800.344534352207, 3278.2221985507963, 3795.8300950962066, 3402.5864877153394, 3620.425216911173, 3341.7197318132403, 3199.6790880588296, 3493.110706651211, 3759.0538819351195, 3927.245200805092, 4001.0053782211303, 4441.89852403717, 5312.806015435982, 4926.422134319305, 5484.694010162115, 5419.374942133427, 6024.655071215916, 5369.054736580611, 5376.661908338166, 4880.417433321476, 4916.341778503609, 4907.331406204224, 5040.714748962164, 4743.361316963196, 4437.450171315193, 5023.908775449944]
shares:[0, 28.169, 55.196, 85.6838, 116.0789, 143.2528, 169.2268, 196.1085, 225.263, 252.0727, 278.3885, 302.0852, 323.7772, 345.7552, 370.5077, 399.9195, 429.1593, 459.4623, 488.1156, 515.9708, 543.9038, 572.5571, 592.2421, 609.9883, 628.4385, 650.6854, 674.7818, 696.0132, 714.8456, 736.4906, 757.4111, 780.7756, 805.9645, 829.7175, 852.3932, 874.6649, 897.0864, 917.7476, 935.3532, 954.733, 972.4635, 990.745, 1007.4674, 1026.5879, 1046.0432, 1067.925, 1090.0979, 1112.7736, 1135.2961, 1159.746, 1186.484, 1210.5804]
growth_rate:-1.49
