ticker:ZYXI
price:[14.5, 15.489999771118164, 17.200000762939453, 16.700000762939453, 17.450000762939453, 19.729999542236328, 14.0600004196167, 14.470000267028809, 12.8100004196167, 13.220000267028809, 13.699999809265137, 13.420000076293945, 13.869999885559082, 14.130000114440918, 13.039999961853027, 14.0, 13.670000076293945, 13.460000038146973, 14.539999961853027, 16.520000457763672, 17.540000915527344, 18.06999969482422, 19.0, 19.450000762939453, 17.8700008392334, 14.520000457763672, 14.75, 16.8700008392334, 16.100000381469727, 14.880000114440918, 15.430000305175781, 15.649999618530273, 15.359999656677246, 16.18000030517578, 14.770000457763672, 14.420000076293945, 13.869999885559082, 14.779999732971191, 15.220000267028809, 15.729999542236328, 15.729999542236328, 15.819999694824219, 15.960000038146973, 16.43000030517578, 14.760000228881836, 16.809999465942383, 16.829999923706055, 13.890000343322754, 14.890000343322754, 14.1899995803833, 13.59000015258789, 13.359999656677246]
assets:[0, 100.00034052238465, 211.0405693611145, 304.9052739295959, 418.59934330177305, 573.2926236988068, 508.54037317724226, 623.3690585036278, 651.8560863528252, 772.7195916080475, 900.7763574591637, 982.3668195848466, 1115.3074957976341, 1236.2139280122758, 1240.851188370037, 1432.2028, 1498.443893362999, 1575.4243584649087, 1801.8331452727318, 2147.2002754981995, 2379.776458216095, 2551.684533905792, 2783.0117, 2948.9254806735994, 2809.3732109373095, 2382.714651118469, 2520.457875, 2982.720742381668, 2946.5802098155978, 2823.298485713768, 3027.654600881195, 3170.822947710991, 3212.0662322047233, 3483.5443577041624, 3279.9725246555327, 3302.2477914716724, 3276.2950879673954, 3591.2502471172334, 3798.161720637226, 4025.432722854614, 4125.433048944474, 4249.036766033936, 4386.639526484776, 4615.819640735625, 4246.652801852417, 4936.464787167358, 5042.3386631420135, 4261.502109332657, 4668.305462638378, 4548.84133848486, 4456.502159037399, 4481.078820846081]
shares:[0, 6.4558, 12.2698, 18.2578, 23.9885, 29.0569, 36.1693, 43.0801, 50.8865, 58.4508, 65.7501, 73.2017, 80.4115, 87.4886, 95.1573, 102.3002, 109.6155, 117.0449, 123.9225, 129.9758, 135.6771, 141.2111, 146.4743, 151.6157, 157.2117, 164.0988, 170.8785, 176.8062, 183.0174, 189.7378, 196.2187, 202.6085, 209.1189, 215.2994, 222.0699, 229.0047, 236.2145, 242.9804, 249.5507, 255.908, 262.2653, 268.5864, 274.8521, 280.9385, 287.7136, 293.6624, 299.6042, 306.8036, 313.5195, 320.5667, 327.9251, 335.4101]
growth_rate:-12.14
