ticker:ADA-USD
price:[0.09306000173091888, 0.09485600143671036, 0.08943299949169159, 0.10120599716901779, 0.09630099684000015, 0.10653799772262573, 0.10738799721002579, 0.10635100305080414, 0.09819699823856354, 0.10662099719047546, 0.10053099691867828, 0.14475999772548676, 0.16663900017738342, 0.1588670015335083, 0.15396399796009064, 0.1619880050420761, 0.15442200005054474, 0.20499500632286072, 0.3048950135707855, 0.3798519968986511, 0.35388100147247314, 0.344897985458374, 0.663237988948822, 0.8484190106391907, 1.1005200147628784, 1.3080589771270752, 1.1333669424057007, 1.0591540336608887, 1.18913996219635, 1.1911239624023438, 1.1914199590682983, 1.2667349576950073, 1.275501012802124, 1.0882500410079956, 1.3268120288848877, 1.7705620527267456, 2.309113025665283, 1.325435996055603, 1.577278971672058, 1.6782480478286743, 1.5583590269088745, 1.4291880130767822, 1.3352019786834717, 1.458184003829956, 1.3481450080871582, 1.183698058128357, 1.2285009622573853, 1.3177299499511719, 1.4278299808502197, 2.1691529750823975, 2.7137250900268555, 2.8559861183166504]
assets:[0, 100.00000445222257, 194.28291554405837, 319.8583964255691, 404.3563007212408, 547.3402311021626, 651.7071172720425, 745.4138932353779, 788.2624986651182, 955.884961271882, 1001.2865276812032, 1541.8064108666674, 1874.8347777514189, 1887.39297624979, 1929.14365974067, 2129.683159899411, 2130.2116343790517, 2927.853211013129, 4454.68091353451, 5649.842935352755, 5363.555534695065, 5327.405512990355, 10344.587844633896, 13332.8743787943, 17394.63259509555, 20774.958277216316, 18100.450580766937, 17015.232444348527, 19203.446934932042, 19335.48657558975, 19440.291529469134, 20769.19952296108, 21012.926514208535, 18028.10656086935, 22080.15869847581, 29564.83010665375, 38657.54974016676, 22289.51929203168, 26624.698378186826, 28429.07098496729, 26498.18323935845, 24401.772055856898, 22897.066562220236, 25106.056629966475, 23311.477313940766, 20567.93947032503, 21446.434786963713, 23104.14109063339, 25134.55676826317, 38284.30708554959, 47995.69282994737, 50611.76080905118]
shares:[0, 1054.2296, 2172.3851, 3160.4688, 4198.8797, 5137.5119, 6068.7147, 7008.9973, 8027.3584, 8965.26, 9959.9781, 10650.7767, 11250.8763, 11880.3336, 12529.8361, 13147.1658, 13794.7419, 14282.5587, 14610.5404, 14873.8008, 15156.3817, 15446.3225, 15597.0979, 15714.9642, 15805.8303, 15882.2795, 15970.5122, 16064.9272, 16149.0216, 16232.9759, 16316.9094, 16395.8525, 16474.2531, 16566.1437, 16641.5123, 16697.9915, 16741.2982, 16816.7451, 16880.1454, 16939.7313, 17003.9014, 17073.8712, 17148.7662, 17217.3447, 17291.5207, 17376.0017, 17457.4017, 17533.2898, 17603.3261, 17649.427, 17686.2767, 17721.2909]
growth_rate:892.39
