ticker:AVAX-USD
price:[4.644225120544434, 4.1559319496154785, 4.095879077911377, 4.116062164306641, 4.153210163116455, 3.682663917541504, 3.476598024368286, 3.5365800857543945, 3.8899691104888916, 3.7043120861053467, 3.599608898162842, 3.331057071685791, 3.311469078063965, 2.906161069869995, 3.4729440212249756, 6.586495876312256, 13.20268440246582, 12.463919639587402, 13.516318321228027, 24.207178115844727, 38.57595443725586, 36.147972106933594, 23.823219299316406, 26.65015411376953, 29.05876922607422, 32.81172180175781, 28.69735336303711, 29.3297119140625, 31.60232162475586, 29.253093719482422, 21.543121337890625, 31.304956436157227, 39.021636962890625, 36.5188102722168, 15.756152153015137, 16.534385681152344, 17.400110244750977, 14.775566101074219, 13.970991134643555, 10.919079780578613, 12.350099563598633, 12.413664817810059, 10.70465087890625, 11.2407865524292, 12.877431869506836, 14.814119338989258, 18.795135498046875, 43.53219985961914, 47.50910568237305, 39.48735046386719, 41.59190368652344]
assets:[0, 100.00003457164765, 198.55511088409423, 299.53366421470645, 402.23715833477974, 456.66505643081666, 531.1122316670894, 640.2755440712929, 804.2542255688667, 865.8696146036148, 941.3956362316131, 971.1620278187276, 1065.4512676969528, 1035.0452489200832, 1336.9080644985438, 2635.468426630163, 5382.81760779705, 5181.619079805851, 5719.132738624573, 10342.734714597702, 16581.9241635952, 15638.252552565766, 10406.346685196686, 11741.19443753357, 12902.352159423064, 14668.696788839721, 12929.340021006776, 13314.243254187011, 14445.895249500274, 13472.026711151886, 10021.327931289672, 14662.29305451603, 18376.553146862792, 17297.89042480812, 7563.227190494728, 8036.792789863586, 8557.59171974659, 7366.807656900024, 7065.662511551475, 5622.194870332718, 6459.021796114922, 6592.265529199695, 5784.694852172852, 6174.417923024178, 7173.405616488457, 8352.241962856293, 10696.74953859558, 24875.191409883497, 27247.678840125274, 22747.000184779357, 24059.34410869446]
shares:[0, 24.062, 48.4768, 72.7719, 96.8497, 124.004, 152.7678, 181.0437, 206.7508, 233.7464, 261.5272, 291.5477, 321.7458, 356.1555, 384.9495, 400.1321, 407.7063, 415.7295, 423.128, 427.259, 429.8513, 432.6177, 436.8153, 440.5676, 444.0089, 447.0566, 450.5412, 453.9507, 457.115, 460.5334, 465.1753, 468.3697, 470.9324, 473.6707, 480.0174, 486.0654, 491.8125, 498.5804, 505.7381, 514.8964, 522.9935, 531.0491, 540.3908, 549.287, 557.0525, 563.8028, 569.1233, 571.4205, 573.5254, 576.0579, 578.4622]
growth_rate:381.19
