ticker:BCH-USD
price:[228.45327758789062, 221.8260040283203, 226.41571044921875, 229.073974609375, 221.80654907226562, 239.6698455810547, 249.81216430664062, 271.0794372558594, 267.5558166503906, 270.6977844238281, 241.36802673339844, 286.993408203125, 283.9314880371094, 286.3561096191406, 275.3485107421875, 348.1605529785156, 338.1799621582031, 421.78985595703125, 603.5962524414062, 478.7698059082031, 440.10333251953125, 399.7699279785156, 445.169677734375, 724.0156860351562, 707.5924072265625, 459.91448974609375, 516.1735229492188, 557.757080078125, 526.5610961914062, 501.00360107421875, 566.5130615234375, 696.6084594726562, 965.6826171875, 757.708740234375, 974.6554565429688, 1428.52880859375, 1168.72900390625, 556.1397705078125, 663.5120239257812, 657.4957275390625, 614.3549194335938, 557.5296020507812, 476.8872985839844, 526.4296875, 498.2137145996094, 439.6506042480469, 456.024658203125, 527.8416137695312, 556.0963134765625, 703.1863403320312, 672.6182861328125, 660.1724853515625]
assets:[0, 99.9991626159668, 202.0760215759277, 304.43931225585936, 394.7712960388184, 526.5546507415771, 648.8371343536377, 804.0758267883301, 893.6364276123046, 1004.1263615417481, 995.3293318405152, 1283.4632208251953, 1369.7706777374267, 1481.463333114624, 1524.5220994262695, 2027.6522444915772, 2069.52609642334, 2681.1915773620603, 3936.896196923828, 3222.743194509888, 3062.459039337158, 2881.7815028259274, 3309.0352485351564, 5481.739963677978, 5457.377199975586, 3647.121903686523, 4193.238848382568, 4631.0570358886725, 4472.030733843994, 4354.973802337647, 5024.404342651367, 6278.2534018432625, 8803.355874804687, 7007.441971435547, 9113.80824304199, 13457.8842, 11110.405402734374, 5386.881045092773, 6526.901428155517, 6567.724822387696, 6236.808271105957, 5759.949824707031, 5026.821325643921, 5649.06433359375, 5446.273042517089, 4906.10505786438, 5188.830970898437, 6106.019003924561, 6532.852661828613, 8360.815267913818, 8097.382499438477, 8047.568613684081]
shares:[0, 0.4508, 0.8925, 1.329, 1.7798, 2.197, 2.5973, 2.9662, 3.34, 3.7094, 4.1237, 4.4721, 4.8243, 5.1735, 5.5367, 5.8239, 6.1196, 6.3567, 6.5224, 6.7313, 6.9585, 7.2086, 7.4332, 7.5713, 7.7126, 7.93, 8.1237, 8.303, 8.4929, 8.6925, 8.869, 9.0126, 9.1162, 9.2482, 9.3508, 9.4208, 9.5064, 9.6862, 9.8369, 9.989, 10.1518, 10.3312, 10.5409, 10.7309, 10.9316, 11.1591, 11.3784, 11.5679, 11.7477, 11.8899, 12.0386, 12.1901]
growth_rate:57.8
