ticker:BNB-USD
price:[23.190662384033203, 31.058629989624023, 26.392133712768555, 26.239866256713867, 29.064273834228516, 28.555580139160156, 30.659523010253906, 30.107540130615234, 28.461565017700195, 28.305116653442383, 27.621030807495117, 29.925071716308594, 30.117603302001953, 29.540803909301758, 29.10169219970703, 34.16029739379883, 33.51184844970703, 41.14897918701172, 42.4484748840332, 45.68461227416992, 41.88160705566406, 44.27599334716797, 68.59052276611328, 136.426513671875, 293.923583984375, 209.57440185546875, 240.17921447753906, 264.6367492675781, 264.88616943359375, 269.1912841796875, 351.6243896484375, 525.3855590820312, 481.03424072265625, 505.0770568847656, 622.1010131835938, 662.2285766601562, 562.829833984375, 262.9456787109375, 325.7840270996094, 393.8202209472656, 366.6489562988281, 340.06719970703125, 290.5670166015625, 307.7320861816406, 322.0316467285156, 302.4804992675781, 302.4361572265625, 333.4840087890625, 342.06475830078125, 414.59503173828125, 449.0534973144531, 480.28302001953125]
assets:[0, 99.99947097759247, 184.97454755268097, 283.907480937767, 414.4681705856323, 507.2127811058044, 644.5827458152771, 732.9770967418672, 792.9050475151062, 888.5457304498673, 967.0702927350997, 1147.7402155929565, 1255.1240117679597, 1331.0849915100098, 1411.2982039016722, 1756.6181408218386, 1823.2724362335205, 2338.7845300521853, 2512.6440841156004, 2804.199165229416, 2670.764952975464, 2923.455288726807, 4628.893160341644, 9306.866693530274, 20151.136386743165, 14468.241278814696, 16681.094929344177, 18479.742983404543, 18597.154672210694, 18999.41316088867, 24917.510748046876, 37330.903130682374, 34279.55826922608, 36092.90750039673, 44555.434455120856, 47529.40318119507, 40495.38142324219, 19018.834646594238, 23663.941798031614, 28705.87096102295, 26825.32091416931, 24980.52032919922, 21444.368845825196, 22811.19480596924, 23971.166297024534, 22615.831721188355, 22712.501753479006, 25144.16068828125, 25891.121001116946, 31480.988490448, 34197.489466583254, 36675.75620114746]
shares:[0, 3.2197, 7.0087, 10.8197, 14.2604, 17.7623, 21.0239, 24.3453, 27.8588, 31.3917, 35.0121, 38.3538, 41.6741, 45.0592, 48.4954, 51.4228, 54.4068, 56.837, 59.1928, 61.3817, 63.7694, 66.028, 67.4859, 68.2189, 68.5591, 69.0363, 69.4527, 69.8306, 70.2081, 70.5796, 70.864, 71.0543, 71.2622, 71.4602, 71.6209, 71.7719, 71.9496, 72.3299, 72.6369, 72.8908, 73.1635, 73.4576, 73.8018, 74.1268, 74.4373, 74.7679, 75.0985, 75.3984, 75.6907, 75.9319, 76.1546, 76.3628]
growth_rate:619.13
