ticker:BTC-USD
price:[10280.3515625, 10323.755859375, 10938.271484375, 10774.4267578125, 10684.4287109375, 11384.181640625, 11483.359375, 13031.173828125, 13737.109375, 15479.5673828125, 15955.587890625, 18370.001953125, 18177.484375, 19345.12109375, 19142.3828125, 23477.294921875, 26272.294921875, 32782.0234375, 38356.44140625, 35791.27734375, 32289.37890625, 33114.359375, 38903.44140625, 48717.2890625, 57539.9453125, 45137.76953125, 51206.69140625, 59302.31640625, 57523.421875, 55950.74609375, 58758.5546875, 60204.96484375, 56216.18359375, 49004.25390625, 56631.078125, 58232.31640625, 46456.05859375, 34770.58203125, 35678.12890625, 35862.37890625, 39097.859375, 35698.296875, 34649.64453125, 35287.78125, 34240.1875, 31796.810546875, 35350.1875, 39974.89453125, 43798.1171875, 47047.00390625, 49321.65234375, 48829.83203125]
assets:[0, 100.1404318359375, 205.63950390625, 302.76139189453124, 400.66607666015625, 527.0876099609375, 631.584765625, 817.0545990234376, 961.5976562500001, 1184.1869047851562, 1321.12267734375, 1620.234172265625, 1703.2302859375002, 1913.232476171875, 1992.72205078125, 2544.93876953125, 2947.751490234375, 3779.76730234375, 4522.224441796875, 4320.007175390625, 3997.42510859375, 4198.90076875, 5034.10531796875, 6406.3235117187505, 7664.320715625001, 6111.65399453125, 7035.799399218749, 8248.952212109376, 8099.2978, 7978.57639296875, 8478.85944140625, 8789.9248671875, 8308.75193515625, 7340.837235156249, 8585.27144375, 8927.014105078124, 7223.9171113281245, 5507.660193750001, 5751.3143796875, 5881.430140625001, 6513.703371875, 6047.291490625, 5970.133752734375, 6178.890496875, 6094.753374999999, 5758.402390039063, 6500.8994812500005, 7451.320340625, 8264.70471328125, 8976.5683453125, 9509.214571875, 9512.051279687501]
shares:[0, 0.0097, 0.0188, 0.0281, 0.0375, 0.0463, 0.055, 0.0627, 0.07, 0.0765, 0.0828, 0.0882, 0.0937, 0.0989, 0.1041, 0.1084, 0.1122, 0.1153, 0.1179, 0.1207, 0.1238, 0.1268, 0.1294, 0.1315, 0.1332, 0.1354, 0.1374, 0.1391, 0.1408, 0.1426, 0.1443, 0.146, 0.1478, 0.1498, 0.1516, 0.1533, 0.1555, 0.1584, 0.1612, 0.164, 0.1666, 0.1694, 0.1723, 0.1751, 0.178, 0.1811, 0.1839, 0.1864, 0.1887, 0.1908, 0.1928, 0.1948]
growth_rate:86.51
