ticker:DOGE-USD
price:[0.00278700003400445, 0.0027759999502450228, 0.0027779999654740095, 0.002701000077649951, 0.0026459998916834593, 0.0026740001048892736, 0.0025859999004751444, 0.002652999944984913, 0.0025820001028478146, 0.002710999920964241, 0.0027749999426305294, 0.0033289999701082706, 0.003447999944910407, 0.003387999953702092, 0.0032560001127421856, 0.004625000059604645, 0.004548000171780586, 0.009770999662578106, 0.009859999641776085, 0.009066999889910221, 0.008727000094950199, 0.037195999175310135, 0.07878199964761734, 0.06253699958324432, 0.055980000644922256, 0.04805200174450874, 0.052122000604867935, 0.05859199911355972, 0.05723400041460991, 0.05369799956679344, 0.05740400031208992, 0.07464899867773056, 0.3204750120639801, 0.2511110007762909, 0.37604600191116333, 0.5700700283050537, 0.5148950219154358, 0.30807098746299744, 0.3022240102291107, 0.3718070089817047, 0.3243820071220398, 0.2809000015258789, 0.2644500136375427, 0.2464829981327057, 0.21585600078105927, 0.18223300576210022, 0.19786399602890015, 0.2044370025396347, 0.2400449961423874, 0.34144100546836853, 0.3149630129337311, 0.281125009059906]
assets:[0, 99.99999999807369, 200.07204671923208, 294.5265011569224, 388.5290884403895, 492.64053870912346, 576.4279483367799, 691.3624802657613, 772.8601704828411, 911.4731903297569, 1032.9908243292746, 1339.2167546225157, 1487.0890168403917, 1561.2116010976342, 1600.385247376503, 2373.274449498052, 2433.762695272619, 5328.736494719163, 5477.273743081019, 5136.758846651456, 5044.13758545657, 21598.99569525658, 45847.18004679293, 36493.40321959544, 32767.073080163795, 28226.535098073888, 30717.319278591847, 34630.315858147216, 33927.68197414076, 31931.579810185798, 34235.35759731872, 44620.15800519084, 191658.439203424, 150275.64760688733, 225142.13790451654, 341406.0749639075, 308462.621623392, 184658.75545983086, 181254.05822211498, 223085.35843691908, 194730.21024528696, 168727.4674810157, 158946.49638390398, 148247.50217916883, 129926.8569764013, 109788.68870824733, 119305.7858964137, 123369.10272808996, 144957.02403373958, 206287.47665718102, 190390.3404632195, 170035.78288967282]
shares:[0, 36023.0554, 72020.1761, 109043.4997, 146836.3962, 184233.5525, 222903.3142, 260596.4925, 299326.1579, 336212.9166, 372248.9534, 402288.0044, 431290.325, 460806.264, 491518.7936, 513140.4149, 535128.101, 545362.4684, 555504.4566, 566533.463, 577992.1543, 580680.6155, 581949.941, 583548.9944, 585335.3466, 587416.4254, 589335.001, 591041.7187, 592788.9319, 594651.1987, 596393.2376, 597732.8403, 598044.8771, 598443.1074, 598709.0323, 598884.4493, 599078.6636, 599403.2641, 599734.1445, 600003.1012, 600311.3797, 600667.3783, 601045.5216, 601451.2291, 601914.5009, 602463.2489, 602968.6466, 603457.7948, 603874.3834, 604167.2598, 604484.7574, 604840.471]
growth_rate:3234.03
