ticker:DOT1-USD
price:[5.146038055419922, 4.302318096160889, 4.346024036407471, 4.262162208557129, 4.104650974273682, 4.335230827331543, 4.22561502456665, 4.372093200683594, 4.379988193511963, 5.481853008270264, 5.190351963043213, 5.135868072509766, 4.891211986541748, 5.188476085662842, 5.136190891265869, 10.033283233642578, 9.305047988891602, 16.984254837036133, 17.999649047851562, 16.121315002441406, 19.793615341186523, 27.095735549926758, 39.69622802734375, 33.60725784301758, 35.18865966796875, 36.57925033569336, 36.793609619140625, 32.29789352416992, 44.6522102355957, 41.423397064208984, 37.34743118286133, 29.762489318847656, 36.6545295715332, 40.312843322753906, 42.63151168823242, 18.029441833496094, 20.473987579345703, 24.20159912109375, 22.07633399963379, 20.67236328125, 15.015593528747559, 16.014026641845703, 15.48243522644043, 12.682146072387695, 13.712599754333496, 18.413965225219727, 19.676132202148438, 23.17401695251465, 27.736873626708984, 25.73291778564453, 31.470020294189453, 30.557985305786133]
assets:[0, 100.0000702044964, 201.01578055114746, 297.1370645857811, 386.1561229624271, 507.8484476523399, 595.0075839247227, 715.6329592742919, 816.9251759353161, 1122.4373608936787, 1162.7509513240814, 1250.5453566455842, 1290.9732854554652, 1469.4324630014419, 1554.6248270637989, 3136.878913133621, 3009.1985503292085, 5592.609401248931, 6026.961087989806, 5498.024553353119, 6850.427755554199, 9477.63850615425, 13985.080374603273, 11939.9193519516, 12601.755762561035, 13199.754168936157, 13377.107839645387, 11842.594333352281, 16472.52185182495, 15381.389648298264, 13967.898180215836, 11231.137254373169, 13931.91018125534, 15422.387719161989, 16409.435847906112, 7039.772252418517, 8094.268145568847, 9667.958010498047, 8918.964770955849, 8451.75308823242, 6239.021154856491, 6753.872498326492, 6629.674755060197, 5530.573567497444, 6079.945958215427, 8264.4564369709, 8930.93541054535, 10618.614973247339, 12809.370862415315, 11983.90987798691, 14755.697732561874, 14428.062770874023]
shares:[0, 23.2433, 46.2528, 69.7151, 94.0777, 117.1445, 140.8097, 163.682, 186.5131, 204.7551, 224.0216, 243.4925, 263.9373, 283.2108, 302.6805, 312.6473, 323.3942, 329.282, 334.8377, 341.0407, 346.0928, 349.7834, 352.3025, 355.278, 358.1198, 360.8536, 363.5715, 366.6677, 368.9072, 371.3213, 373.9989, 377.3588, 380.087, 382.5676, 384.9133, 390.4598, 395.344, 399.476, 404.0057, 408.8431, 415.5028, 421.7473, 428.2062, 436.0913, 443.3839, 448.8146, 453.8969, 458.2121, 461.8174, 465.7035, 468.8811, 472.1536]
growth_rate:182.9
