ticker:ETC-USD
price:[5.192959785461426, 5.075143814086914, 5.109914779663086, 5.464519023895264, 5.170965194702148, 5.4377570152282715, 5.2227349281311035, 5.548081874847412, 5.214980125427246, 5.17813777923584, 5.027723789215088, 6.020376205444336, 6.392298221588135, 6.161809921264648, 6.114131927490234, 6.474915981292725, 5.807237148284912, 6.557407855987549, 8.894905090332031, 7.651183128356934, 7.633081912994385, 7.4120378494262695, 8.293875694274902, 16.143665313720703, 15.662422180175781, 10.312784194946289, 11.526579856872559, 12.78416633605957, 11.999411582946777, 11.880669593811035, 14.617213249206543, 20.43368148803711, 37.008113861083984, 29.111286163330078, 44.903751373291016, 117.37632751464844, 93.78987884521484, 51.96479415893555, 66.36599731445312, 64.10669708251953, 59.05662536621094, 51.11225128173828, 42.331085205078125, 56.24565887451172, 49.690425872802734, 41.98915100097656, 48.462284088134766, 50.41701126098633, 57.159027099609375, 74.8968505859375, 67.51551818847656, 63.441280364990234]
assets:[0, 100.00012619838715, 200.68526008205413, 314.61203247413636, 397.71082634449004, 518.2302066166877, 597.738356610155, 734.9738242475986, 790.8465210409164, 885.2596128759385, 959.5446045783519, 1248.9932679576875, 1426.1524162677765, 1474.729383333969, 1563.3187240608215, 1755.567279705429, 1674.5371570379734, 1990.8513202645304, 2800.523509089661, 2508.9430713633537, 2603.007641490841, 2627.628196331978, 3040.247032034588, 6017.707839242936, 5938.319660049438, 4010.0343504255293, 4582.007986990452, 5181.9199200754165, 4963.827787987709, 5014.7070765838625, 6269.772972752761, 8864.635741443253, 16155.033517814636, 12807.856771862413, 19855.940425629044, 52002.51378078461, 41652.75110329971, 23177.93508590126, 29701.325615914917, 28790.202267704775, 26622.224733772277, 23140.969543304444, 19265.312887008666, 25697.977840989683, 22802.971216327285, 19368.852148777773, 22454.79579064407, 23460.512558166884, 26697.769786853027, 35082.733370361326, 31725.211170726016, 29910.74927147446]
shares:[0, 19.7039, 39.2737, 57.5736, 76.9123, 95.3022, 114.4493, 132.4735, 151.649, 170.961, 190.8507, 207.461, 223.1048, 239.3338, 255.6894, 271.1336, 288.3535, 303.6034, 314.8458, 327.9157, 341.0166, 354.5082, 366.5653, 372.7597, 379.1444, 388.8411, 397.5167, 405.3389, 413.6726, 422.0896, 428.9308, 433.8247, 436.5268, 439.9619, 442.1889, 443.0409, 444.1071, 446.0315, 447.5383, 449.0982, 450.7915, 452.748, 455.1103, 456.8882, 458.9007, 461.2823, 463.3458, 465.3293, 467.0788, 468.414, 469.8951, 471.4714]
growth_rate:486.49
