ticker:ETH-USD
price:[353.3622741699219, 365.57000732421875, 371.0528259277344, 357.3216857910156, 353.1219177246094, 375.1420593261719, 378.21368408203125, 406.2177734375, 396.3581848144531, 453.5547790527344, 447.55908203125, 558.068115234375, 575.758056640625, 601.9089965820312, 589.6632080078125, 638.2908325195312, 682.642333984375, 975.5076904296875, 1262.2467041015625, 1230.1722412109375, 1391.609375, 1314.9862060546875, 1614.227783203125, 1805.0841064453125, 1935.60107421875, 1416.0489501953125, 1723.15380859375, 1854.5643310546875, 1788.217041015625, 1691.35595703125, 2093.122802734375, 2157.656982421875, 2237.136962890625, 2316.0595703125, 2952.05615234375, 3928.8447265625, 3587.506103515625, 2109.579833984375, 2390.305419921875, 2715.0927734375, 2508.3916015625, 2246.364501953125, 1978.8946533203125, 2321.72412109375, 2139.664794921875, 1895.5521240234375, 2191.373779296875, 2561.85205078125, 3013.732666015625, 3310.504150390625, 3242.115478515625, 3227.002685546875]
assets:[0, 99.98339700317383, 201.48168447875977, 294.04001523742676, 390.58815319519044, 514.9575048370361, 619.1736222106933, 765.0299327148438, 846.4625394897462, 1068.6204149261475, 1154.4786520996092, 1539.5425094970703, 1688.3529252929686, 1865.015025909424, 1927.078330090332, 2186.0184432128904, 2437.9205673583983, 3583.8201531005857, 4737.211880493164, 4716.849424475097, 5435.904540625, 5236.538069750977, 6528.0985780517585, 7399.9422943725585, 8035.067179296875, 5978.27545793457, 7374.753670019531, 8037.1254414917, 7849.557523242187, 7524.335246044921, 9411.726682495118, 9801.804139746093, 10262.865817260743, 10724.977052246093, 13770.161128222657, 18426.67465205078, 16925.85379638672, 10052.99174086914, 11490.676214648438, 13151.90939453125, 12250.733742871093, 11070.982811425782, 9852.718589416505, 11659.698536132813, 10845.318946020507, 9708.070203186035, 11323.047455004882, 13337.257961572266, 15789.849557055664, 17444.701620483396, 17184.18467077637, 17204.119417456055]
shares:[0, 0.2735, 0.543, 0.8229, 1.1061, 1.3727, 1.6371, 1.8833, 2.1356, 2.3561, 2.5795, 2.7587, 2.9324, 3.0985, 3.2681, 3.4248, 3.5713, 3.6738, 3.753, 3.8343, 3.9062, 3.9822, 4.0441, 4.0995, 4.1512, 4.2218, 4.2798, 4.3337, 4.3896, 4.4487, 4.4965, 4.5428, 4.5875, 4.6307, 4.6646, 4.6901, 4.718, 4.7654, 4.8072, 4.844, 4.8839, 4.9284, 4.9789, 5.022, 5.0687, 5.1215, 5.1671, 5.2061, 5.2393, 5.2695, 5.3003, 5.3313]
growth_rate:237.34
