ticker:FIL-USD
price:[20.203025817871094, 18.18144989013672, 16.745330810546875, 14.992422103881836, 22.280838012695312, 26.476743698120117, 32.4410285949707, 38.49485778808594, 35.245758056640625, 183.77664184570312, 179.18431091308594, 156.309326171875, 133.92662048339844, 162.5815887451172, 146.41610717773438, 107.6959228515625, 65.10672760009766, 68.42208099365234, 87.02347564697266, 73.18509674072266, 63.315895080566406, 56.127647399902344, 58.772308349609375, 55.09626007080078, 46.89200210571289, 49.005374908447266, 53.93782424926758, 64.46961975097656, 73.18621063232422, 77.2397689819336, 73.67280578613281, 75.94700622558594, 76.49344635009766]
assets:[0, 99.99979254074097, 192.1007605255127, 271.99102256641385, 504.21759231109615, 699.1713708362579, 956.6697127513885, 1235.1922008178713, 1230.9369526733399, 6518.281821304321, 6455.401495541382, 5731.300277148438, 5010.610044807434, 6182.6851731170655, 5667.943208178711, 4269.0340730590815, 2680.8085729705813, 2917.319109534454, 3810.427309373474, 3304.497399095154, 2958.878408905029, 2722.9598476646424, 2951.263218237305, 2866.669430735779, 2539.802131651306, 2754.2686881294253, 3131.4898375694274, 3842.9373289260866, 4462.521874684906, 4809.689518597412, 4687.579613754273, 4932.279588212586, 5067.76731414032]
shares:[0, 5.5001, 11.4719, 18.1419, 22.6301, 26.407, 29.4895, 32.0872, 34.9244, 35.4685, 36.0266, 36.6664, 37.4131, 38.0282, 38.7112, 39.6397, 41.1756, 42.6371, 43.7862, 45.1526, 46.732, 48.5137, 50.2152, 52.0302, 54.1628, 56.2034, 58.0574, 59.6085, 60.9749, 62.2696, 63.627, 64.9437, 66.251]
growth_rate:58.37
