ticker:HEX-USD
price:[0.0023670000955462456, 0.003788999980315566, 0.0037799999117851257, 0.0040799998678267, 0.004416000097990036, 0.008414000272750854, 0.008310999721288681, 0.01948699913918972, 0.019912999123334885, 0.019999999552965164, 0.015589999966323376, 0.0200399998575449, 0.0390079990029335, 0.054575998336076736, 0.04001399874687195, 0.05393899977207184, 0.059682998806238174, 0.08503399789333344, 0.09313099831342697, 0.07558500021696091, 0.08794199675321579, 0.08692599833011627, 0.15558800101280212, 0.13499599695205688, 0.12343399971723557, 0.13011400401592255, 0.16052399575710297, 0.18030500411987305, 0.22133499383926392, 0.2532680034637451, 0.24556668102741241]
assets:[0, 99.99999981248472, 199.76246841608958, 315.6166305594674, 441.6086068679944, 941.4164079586476, 1029.8919953482311, 2514.8123082088678, 2669.7879346537125, 2781.4523098296945, 2268.1421193124897, 3015.559194835783, 5969.806932477161, 8452.342636061794, 6297.083663020911, 8588.489149601519, 9603.082922318154, 13782.096228931188, 15194.437661698423, 12431.786350428982, 14564.194105537237, 14495.933218850838, 26046.130224167227, 22698.93625048523, 20854.84128956142, 22083.464117129482, 27344.768359629958, 30814.402224694637, 37926.490497504295, 43498.31836853712, 42275.6302726166]
shares:[0, 26392.188, 52847.2151, 77357.0198, 100001.9468, 111886.9001, 123919.1469, 129050.7733, 134072.6185, 139072.6186, 145486.9868, 150477.0068, 153040.5836, 154872.8909, 157372.0163, 159225.9624, 160901.4814, 162077.4816, 163151.2379, 164474.2517, 165611.3648, 166761.7686, 167404.4917, 168145.2544, 168955.404, 169723.9608, 170346.9206, 170901.5364, 171353.3402, 171748.1789, 172155.4003]
growth_rate:1309.19
