ticker:LINK-USD
price:[12.913728713989258, 11.993545532226562, 9.768121719360352, 10.773763656616211, 9.42456340789795, 10.847407341003418, 10.88071346282959, 12.160058975219727, 11.536629676818848, 12.656035423278809, 12.12181282043457, 14.444801330566406, 13.372918128967285, 13.49239730834961, 12.933703422546387, 13.070074081420898, 12.129708290100098, 13.650172233581543, 16.2474308013916, 23.166772842407227, 24.701858520507812, 22.598434448242188, 24.79012107849121, 33.290321350097656, 34.152740478515625, 24.663532257080078, 28.5482120513916, 28.789424896240234, 29.272838592529297, 26.69699478149414, 30.9572811126709, 33.91918182373047, 39.06591033935547, 31.540620803833008, 39.50485610961914, 52.19869613647461, 40.73714828491211, 20.008373260498047, 26.86960220336914, 27.551576614379883, 23.337600708007812, 21.735416412353516, 18.344139099121094, 19.26283836364746, 18.363967895507812, 15.502411842346191, 16.759658813476562, 22.12683868408203, 23.045608520507812, 27.90401268005371, 28.022817611694336, 25.813661575317383]
assets:[0, 99.99978393859863, 181.44481456146238, 300.12473418235777, 362.54033534965515, 517.2738054260254, 618.8623396253586, 791.6271353221894, 851.0410199773789, 1033.6184130191803, 1089.9885600883483, 1398.8706728553773, 1395.0668310893059, 1507.5311868167876, 1545.1067721897125, 1661.398545837593, 1641.8639714688302, 1947.6720951141356, 2418.261101506805, 3548.1325781290057, 3883.2408476013184, 3652.573660652161, 4106.8157442745205, 5614.988618253326, 5860.449748233033, 4332.14697460289, 5114.489269179345, 5257.703268985749, 5445.986219282913, 5066.769245590211, 5975.321772989845, 6647.023344860077, 7755.610635803985, 6361.642286146545, 8068.001704040909, 10760.442796487809, 8497.716173939896, 4273.720499973297, 5839.256272512435, 6087.462994636345, 5256.393152746582, 4995.529001550292, 4316.098933522797, 4632.25417090416, 4516.096367211914, 3912.3777819589614, 4329.671822248841, 5816.223200872039, 6157.728982658386, 7555.88203832016, 7688.051604923057, 7181.969852666472]
shares:[0, 8.3378, 18.5752, 27.857, 38.4676, 47.6864, 56.877, 65.1006, 73.7686, 81.67, 89.9196, 96.8425, 104.3203, 111.7319, 119.4636, 127.1147, 135.3589, 142.6848, 148.8396, 153.1561, 157.2044, 161.6295, 165.6634, 168.6673, 171.5953, 175.6499, 179.1527, 182.6262, 186.0423, 189.788, 193.0183, 195.9665, 198.5263, 201.6968, 204.2281, 206.1439, 208.5987, 213.5966, 217.3183, 220.9479, 225.2328, 229.8336, 235.2849, 240.4762, 245.9216, 252.3722, 258.3389, 262.8583, 267.1975, 270.7812, 274.3497, 278.2236]
growth_rate:40.82
