ticker:LTC-USD
price:[48.05357360839844, 48.066036224365234, 47.100528717041016, 46.010440826416016, 46.75080871582031, 50.727901458740234, 47.619544982910156, 58.674800872802734, 55.587623596191406, 61.05504608154297, 62.27992248535156, 82.70420837402344, 79.23506927490234, 83.55533599853516, 82.00064086914062, 114.6659927368164, 127.5169677734375, 160.19058227539062, 171.11483764648438, 142.43081665039062, 141.47731018066406, 129.57081604003906, 151.14007568359375, 214.43026733398438, 227.23135375976562, 164.9271697998047, 190.7591094970703, 215.2960968017578, 196.42774963378906, 185.0284881591797, 204.04290771484375, 253.63446044921875, 273.09881591796875, 223.6328582763672, 269.1043701171875, 386.4507751464844, 296.6270446777344, 143.5193634033203, 170.9782257080078, 176.63943481445312, 170.93087768554688, 155.09259033203125, 132.34788513183594, 144.90585327148438, 134.24583435058594, 119.51201629638672, 127.59797668457031, 140.73553466796875, 149.8477325439453, 184.904296875, 186.31309509277344, 174.7042236328125]
assets:[0, 100.00138836479186, 197.9917825149536, 293.40858115005494, 398.1298870239258, 531.9987209682464, 599.4014985633851, 838.5567841537476, 894.4382162368773, 1082.4143844566345, 1204.1324773162842, 1699.0173638900756, 1727.7523795669554, 1921.9565497055053, 1986.1949229400634, 2877.405488539124, 3299.8840920410157, 4245.418868637085, 4634.936272879028, 3957.981477734375, 4031.480839984131, 3792.200901370239, 4523.471325134277, 6517.693747723389, 7006.792408859253, 5185.607087411499, 6097.80569418335, 6982.160067329407, 6470.251501837158, 6194.772286418151, 6931.378383654785, 8716.021416107178, 9484.913046002197, 7866.934325160218, 9566.525805480958, 13838.145291677858, 10721.703180694582, 5287.569090377808, 6399.21915139618, 6711.097374792481, 6594.205585528565, 6083.196670593262, 5291.083160531616, 5893.132674942017, 5559.603285461426, 5049.418542127228, 5491.051328643799, 6156.419669836426, 6655.022512968445, 8311.947386132813, 8475.27090791321, 8047.191008129883]
shares:[0, 2.0805, 4.2036, 6.377, 8.516, 10.4873, 12.5873, 14.2916, 16.0906, 17.7285, 19.3342, 20.5433, 21.8054, 23.0022, 24.2217, 25.0938, 25.878, 26.5023, 27.0867, 27.7888, 28.4956, 29.2674, 29.929, 30.3954, 30.8355, 31.4418, 31.966, 32.4305, 32.9396, 33.4801, 33.9702, 34.3645, 34.7307, 35.1779, 35.5495, 35.8083, 36.1454, 36.8422, 37.4271, 37.9932, 38.5782, 39.223, 39.9786, 40.6687, 41.4136, 42.2503, 43.034, 43.7446, 44.4119, 44.9527, 45.4894, 46.0618]
growth_rate:57.79
