ticker:LUNA1-USD
price:[0.37644100189208984, 0.31263500452041626, 0.318231999874115, 0.321258008480072, 0.3136729896068573, 0.30808600783348083, 0.2995690107345581, 0.3030160069465637, 0.3080269992351532, 0.34797900915145874, 0.3801119923591614, 0.5016509890556335, 0.47971099615097046, 0.4889020025730133, 0.5518440008163452, 0.6618949770927429, 0.8470690250396729, 0.8073130249977112, 0.9072499871253967, 1.461069941520691, 3.046436071395874, 5.651176929473877, 6.124401092529297, 5.349640846252441, 8.271160125732422, 15.874853134155273, 21.982669830322266, 18.587406158447266, 18.347497940063477, 15.141955375671387, 13.398308753967285, 17.663372039794922, 17.14510154724121, 16.993803024291992, 16.182369232177734, 4.107669830322266, 6.218207836151123, 6.249195098876953, 6.072099208831787, 5.891520023345947, 5.400850772857666, 5.973340034484863, 8.422262191772461, 6.496267795562744, 8.253888130187988, 11.928194046020508, 13.414520263671875, 19.28481674194336, 28.033279418945312, 33.331241607666016, 31.56235694885254, 30.68077850341797]
assets:[0, 99.9999952889085, 201.79027465617656, 303.7090648862421, 396.53839855332075, 489.4754652119398, 575.9439806836963, 682.5710998021663, 793.8588258494078, 996.8246713738739, 1188.873199594611, 1669.0097462264239, 1696.0146290592847, 1828.5093789381533, 2163.9144804774883, 2695.451131641716, 3549.539915249109, 3482.947231038183, 4014.099896911711, 6564.459403632582, 13787.370578956197, 25675.74431532798, 27925.806474952697, 24493.084531087872, 37969.126142452245, 72974.2154431963, 101150.89208722115, 85627.95153706551, 84622.7483221138, 69938.07232194615, 61984.46984437657, 81815.89144647217, 79515.28792123146, 78913.59799539128, 75245.56853716163, 19200.043210271455, 29165.106002345277, 29410.44503711586, 28676.98285732341, 27924.152928445244, 25698.51825735855, 28522.557096506407, 40316.10240378112, 31196.657196993398, 39737.17730300846, 57526.60360271244, 64794.77150967102, 93249.45767577323, 135651.61782100983, 161388.18863661765, 152923.33746283912, 148751.9869742218]
shares:[0, 319.8618, 634.098, 945.3743, 1264.1777, 1588.7624, 1922.5753, 2252.5909, 2577.2378, 2864.6115, 3127.6919, 3327.0337, 3535.4925, 3740.0325, 3921.2431, 4072.3245, 4190.3786, 4314.2463, 4424.4695, 4492.9125, 4525.7377, 4543.4331, 4559.7612, 4578.454, 4590.5442, 4596.8435, 4601.3925, 4606.7725, 4612.2228, 4618.827, 4626.2906, 4631.952, 4637.7846, 4643.6691, 4649.8487, 4674.1934, 4690.2752, 4706.2773, 4722.7461, 4739.7196, 4758.2352, 4774.9763, 4786.8496, 4802.2431, 4814.3586, 4822.7421, 4830.1967, 4835.3821, 4838.9493, 4841.9495, 4845.1178, 4848.3772]
growth_rate:2816.71
