ticker:MATIC-USD
price:[0.019456999376416206, 0.018748000264167786, 0.018969999626278877, 0.017854999750852585, 0.0168869998306036, 0.01716499961912632, 0.015799999237060547, 0.3626370131969452, 0.37053200602531433, 0.3629010021686554, 0.3828839957714081, 0.8245120048522949, 0.9698650240898132, 1.714745044708252, 1.0867149829864502, 1.8649380207061768, 1.5834280252456665, 1.4692169427871704, 1.3989959955215454, 1.1120330095291138, 1.1478650569915771, 1.0421520471572876, 0.7954570055007935, 0.9399430155754089, 1.052474021911621, 1.0809069871902466, 1.466439962387085, 1.626175045967102, 1.4207819700241089, 1.338104009628296, 1.352757215499878]
assets:[0, 99.99999985464514, 201.18412292854413, 289.3591222713031, 373.67166175123526, 479.8231780377174, 541.6665311443805, 12532.173560144089, 12905.012278273658, 12739.237115048943, 13540.717933953167, 29258.921830743835, 34516.96995859438, 61126.84570759921, 38838.97125872171, 66752.50350831561, 56776.29893558262, 52781.081230071424, 50358.41934033704, 40128.86699596818, 41521.90372487581, 37797.93036152899, 28950.520021593726, 34309.06332119227, 38516.58190113973, 39657.121254104015, 53901.84248489642, 59873.21502480161, 52410.96410002408, 49461.072056508776, 50102.70654494464]
shares:[0, 5333.9022, 10605.3836, 16206.0558, 22127.7708, 27953.5793, 34282.6935, 34558.4513, 34828.3335, 35103.8907, 35365.0664, 35486.3503, 35589.4574, 35647.7751, 35739.7955, 35793.4166, 35856.5707, 35924.6342, 35996.114, 36086.0394, 36173.1577, 36269.113, 36394.8269, 36501.2163, 36596.2305, 36688.7454, 36756.9378, 36818.4318, 36888.8156, 36963.5482, 37037.4713]
growth_rate:1570.09
