ticker:SOL1-USD
price:[3.5457940101623535, 3.157870054244995, 2.8669049739837646, 2.4265780448913574, 2.2142670154571533, 1.7874590158462524, 1.5998400449752808, 2.1565980911254883, 2.04323410987854, 2.1448450088500977, 1.915155053138733, 1.8542490005493164, 1.5654560327529907, 1.5635759830474854, 1.3030420541763306, 2.1617519855499268, 3.466110944747925, 3.81813907623291, 3.634411096572876, 4.264143943786621, 6.700462818145752, 8.738896369934082, 11.0855131149292, 13.08924674987793, 13.877732276916504, 14.50826644897461, 14.332205772399902, 18.016233444213867, 24.061323165893555, 27.9318904876709, 32.30291748046875, 47.36762619018555, 46.890987396240234, 44.330196380615234, 47.200828552246094, 24.68874740600586, 28.602659225463867, 42.30837631225586, 38.77043533325195, 35.32201385498047, 31.929391860961914, 34.31060028076172, 32.17784118652344, 26.751909255981445, 28.168773651123047, 34.25436019897461, 37.673824310302734, 53.74515914916992, 72.80391693115234, 94.46967315673828, 108.48377227783203, 110.83098602294922]
assets:[0, 99.99995522077083, 190.7859321371794, 261.4831969614029, 338.60504772360326, 373.33762734472754, 434.1505128129959, 685.2385557732582, 749.2181914955378, 886.4770967432976, 891.5448954921961, 963.191868434143, 913.1779372226118, 1012.0813128356695, 943.4412778768778, 1665.1729104964732, 2769.9058207192897, 3151.225487415123, 3099.5893316566944, 3736.653987022018, 5971.59116311183, 7888.2854050909045, 10106.491589978981, 12033.265223708153, 12858.13944985113, 13542.348142774583, 13478.009174806024, 17042.46863791752, 22860.82435078068, 26638.2752571373, 30906.866144256594, 45420.513600961305, 45063.467431656645, 42702.48022991181, 45567.708204835515, 23934.53086149979, 27828.87720596924, 41263.81634780731, 37913.22488507728, 34641.04781427307, 31413.83116352215, 33856.5921246666, 31852.053415646362, 26581.05818751812, 28088.872924661635, 34257.19645999908, 37776.945102204896, 53992.268641905976, 73238.65824071503, 95133.78551206284, 109346.40268985367, 111812.28357319642]
shares:[0, 31.6669, 66.5477, 107.758, 152.9197, 208.865, 271.3712, 317.7405, 366.6825, 413.3059, 465.521, 519.4512, 583.3303, 647.2863, 724.0298, 770.2886, 799.1394, 825.3302, 852.845, 876.2964, 891.2207, 902.6638, 911.6846, 919.3245, 926.5303, 933.4229, 940.4002, 945.9507, 950.1067, 953.6868, 956.7825, 958.8936, 961.0262, 963.282, 965.4006, 969.451, 972.9472, 975.3108, 977.8901, 980.7212, 983.8531, 986.7677, 989.8754, 993.6135, 997.1635, 1000.0828, 1002.7372, 1004.5978, 1005.9714, 1007.0299, 1007.9517, 1008.854]
growth_rate:2092.4
