ticker:THETA-USD
price:[0.42783498764038086, 0.5396749973297119, 0.5570840239524841, 0.74891597032547, 0.7729250192642212, 0.7437530159950256, 0.6711829900741577, 0.6957020163536072, 0.6117960214614868, 0.6643930077552795, 0.6035869717597961, 0.6467679738998413, 0.6183639764785767, 0.7006369829177856, 0.7277200222015381, 0.9114030003547668, 1.3462259769439697, 2.12138295173645, 1.9903000593185425, 2.00410795211792, 1.9515680074691772, 1.9125410318374634, 2.2932839393615723, 3.1947360038757324, 3.56518292427063, 3.130584955215454, 4.339653968811035, 7.386434078216553, 9.597498893737793, 12.938680648803711, 11.919861793518066, 12.226853370666504, 11.756941795349121, 9.153088569641113, 10.962151527404785, 11.951584815979004, 9.446998596191406, 5.968033790588379, 6.545632839202881, 8.852312088012695, 8.776029586791992, 8.715171813964844, 6.892736911773682, 6.350153923034668, 5.930008888244629, 4.444149971008301, 6.130177974700928, 5.766233921051025, 6.411063194274902, 7.468849182128906, 7.351468086242676, 6.929410934448242]
assets:[0, 99.99999607770442, 203.22581177313327, 373.2066214679181, 485.1710634073019, 566.8595424237847, 611.5495224171519, 733.8900740140796, 745.3783790490866, 909.4596173705756, 926.2247904811443, 1092.4875410217405, 1144.5089833617926, 1396.7853350045084, 1550.7779167916774, 2042.2079538446364, 3116.5287528466224, 5011.026224412322, 4801.38871741972, 4934.6987772255425, 4905.330003047622, 4907.234500276375, 5984.151984811782, 8436.423386991548, 9514.67248479352, 8454.828078255057, 11820.182837535094, 20218.88526365876, 26371.232942051985, 35651.86301025296, 32944.56101974249, 33893.035618512156, 32690.43296329937, 25550.36254376783, 30700.2661258131, 33571.2428224492, 26636.01943123093, 16927.001749895666, 18665.233359919737, 25342.856710097694, 25224.47144613037, 25149.55083609772, 19990.51272380171, 18516.897705905725, 17391.764895795823, 13133.97906388464, 18216.766673196315, 17235.25070170922, 19262.642648245524, 22540.859861228942, 22286.605524259663, 21107.10281337414]
shares:[0, 185.2967, 364.8028, 498.3291, 627.7078, 762.161, 911.1517, 1054.8914, 1218.3446, 1368.8579, 1534.5341, 1689.1491, 1850.8662, 1993.5935, 2131.009, 2240.7299, 2315.0116, 2362.1507, 2412.3944, 2462.2919, 2513.5327, 2565.8192, 2609.4248, 2640.7263, 2668.7754, 2700.7183, 2723.7616, 2737.2999, 2747.7193, 2755.4481, 2763.8375, 2772.0162, 2780.5218, 2791.4471, 2800.5694, 2808.9365, 2819.5219, 2836.2778, 2851.5552, 2862.8517, 2874.2464, 2885.7206, 2900.2286, 2915.9762, 2932.8396, 2955.3411, 2971.6538, 2988.9961, 3004.5941, 3017.983, 3031.5857, 3046.0169]
growth_rate:313.86
