ticker:TRX-USD
price:[0.031523000448942184, 0.03058299981057644, 0.026964999735355377, 0.026638999581336975, 0.026525000110268593, 0.02646699920296669, 0.025936000049114227, 0.026934999972581863, 0.02572700008749962, 0.02536500059068203, 0.025408999994397163, 0.02869899943470955, 0.030698999762535095, 0.030925000086426735, 0.029184000566601753, 0.031224999576807022, 0.028845999389886856, 0.0294950008392334, 0.0329350009560585, 0.03014099970459938, 0.03002000041306019, 0.031603001058101654, 0.035971999168395996, 0.05554400011897087, 0.05946800112724304, 0.04564699903130531, 0.051722001284360886, 0.05130099877715111, 0.06329599767923355, 0.06356299668550491, 0.1293729990720749, 0.12235300242900848, 0.14287899434566498, 0.10147099941968918, 0.12765300273895264, 0.14287500083446503, 0.11950600147247314, 0.06318099796772003, 0.07203599810600281, 0.07750699669122696, 0.07155600190162659, 0.06783299893140793, 0.06477999687194824, 0.06729800254106522, 0.06182299926877022, 0.05605100095272064, 0.05787999927997589, 0.06331799924373627, 0.07186400145292282, 0.0930979996919632, 0.0881119966506958, 0.08859100192785263]
assets:[0, 99.99999918382466, 188.16989810073002, 285.8949700786263, 384.6715064616399, 483.8303653480209, 574.1234286920003, 696.2374488392741, 765.0121007924683, 854.2477683496124, 955.7295902827559, 1179.4790409540442, 1361.6755807884783, 1471.6999817904903, 1488.8469834528776, 1692.9703101701432, 1663.984665173156, 1801.4223868281126, 2111.522167946631, 2032.3937211084724, 2124.2347932624084, 2336.2489520646677, 2759.226735662341, 4360.4940989886345, 4768.548671162412, 3760.28674909993, 4360.73039179967, 4425.2352765735895, 5559.926480911653, 5683.3797005776305, 11667.671679282972, 11134.564181260526, 13102.503415052806, 9405.24548550577, 11932.029201473106, 13454.86549798348, 11354.153402035296, 6102.767513619281, 7058.088081319329, 7694.136597575974, 7203.380036022025, 6928.593788056837, 6716.754249392009, 7077.835232417967, 6602.020652163352, 6085.634317020291, 6384.214444032712, 7084.03058994766, 8140.159050655067, 10645.370550453468, 10175.241756942953, 10330.557657315945]
shares:[0, 3269.7904, 6978.3015, 10732.1962, 14502.2245, 18280.5146, 22136.1593, 25848.8008, 29735.7678, 33678.2081, 37613.8215, 41098.2635, 44355.6986, 47589.3283, 51015.8633, 54218.4254, 57685.1106, 61075.5157, 64111.7992, 67429.5392, 70760.6517, 73924.9082, 76704.8482, 78505.2227, 80186.7993, 82377.5238, 84310.937, 86260.2168, 87840.0955, 89413.3379, 90186.2967, 91003.604, 91703.4969, 92689.0002, 93472.3739, 94172.2864, 95009.0645, 96591.8189, 97980.0137, 99270.2198, 100667.7266, 102141.9353, 103685.6217, 105171.5499, 106789.0709, 108573.1604, 110300.8729, 111880.2027, 113271.72, 114345.8569, 115480.7761, 116609.5589]
growth_rate:102.56
