ticker:UNI3-USD
price:[4.777029991149902, 4.268764019012451, 3.387239933013916, 3.2668590545654297, 2.775747060775757, 2.8223989009857178, 31.065555572509766, 29.979101181030273, 31.746318817138672, 33.88875198364258, 42.32731246948242, 39.43003463745117, 36.56150436401367, 16.836334228515625, 25.74251937866211, 25.9124813079834, 23.274320602416992, 20.8065128326416, 17.095666885375977, 20.771873474121094, 20.681039810180664, 16.36115837097168, 18.27025604248047, 22.032346725463867, 26.722593307495117, 30.252153396606445, 28.42609977722168, 26.81300926208496, 29.42051887512207, 29.55776596069336]
assets:[0, 100.00006590938567, 179.34961231718063, 272.9754757404327, 331.9385449869871, 437.51755251498224, 4915.664399127197, 4843.750359010124, 5229.282207246018, 5682.184655975723, 7197.090713898468, 6804.4529063953405, 6409.429147135162, 3051.499713613892, 4765.699741312027, 4897.163564921951, 4498.581712502289, 4121.59125613594, 3486.503981137085, 4336.2324470901485, 4417.269497368431, 3594.5841247667313, 4114.01769354477, 5061.149511866569, 6238.568449009896, 7162.566392918015, 6830.226097080803, 6542.631664837647, 7278.889386167526, 7412.845329261017]
shares:[0, 23.426, 52.9486, 83.559, 119.5853, 155.0162, 158.2352, 161.5709, 164.7209, 167.6717, 170.0342, 172.5703, 175.3054, 181.2449, 185.1295, 188.9886, 193.2852, 198.0914, 203.9408, 208.755, 213.5903, 219.7023, 225.1757, 229.7145, 233.4567, 236.7622, 240.2801, 244.0096, 247.4086, 250.7918]
growth_rate:155.62
