ticker:USDC-USD
price:[1.00108003616333, 1.0027409791946411, 1.0009260177612305, 1.0024629831314087, 1.00075101852417, 1.000430941581726, 1.000195026397705, 0.9999949932098389, 0.999888002872467, 0.9998930096626282, 1.0000790357589722, 0.9997360110282898, 1.0000900030136108, 1.0004550218582153, 1.0001620054244995, 0.9999610185623169, 0.9998859763145447, 1.0000250339508057, 0.9999449849128723, 1.0002959966659546, 0.9999939799308777, 0.9999979734420776, 1.0009620189666748, 1.0007920265197754, 1.0029569864273071, 1.002869963645935, 1.000095009803772, 1.0001790523529053, 0.9999489784240723, 1.0000519752502441, 1.000154972076416, 1.0004220008850098, 0.9994980096817017, 1.0005769729614258, 0.9996299743652344, 1.0009620189666748, 1.0005910396575928, 0.9994999766349792, 1.0002679824829102, 1.000573992729187, 0.9995869994163513, 1.000161051750183, 0.9995890259742737, 0.9998490214347839, 1.0001670122146606, 1.0004980564117432, 1.0002139806747437, 1.0001163482666016]
assets:[0, 100.00004880985021, 199.81906481494903, 300.1258888252378, 399.6133918354511, 499.485556375885, 599.3677697443485, 699.2478989949703, 799.1730848846555, 899.1770864462435, 999.3443776993037, 1099.0015990881086, 1199.3907390661716, 1299.8284813705086, 1399.447781408274, 1499.1665580540894, 1599.0540491717577, 1699.2764385378598, 1799.1404146876453, 1899.7719597687483, 1999.1983646152019, 2099.2063458281277, 2201.2300898588896, 2300.856297006703, 2405.8336433968307, 2505.6248732990266, 2598.6917777400613, 2698.9101597034933, 2798.289319584131, 2898.5775464634416, 2998.8760700406074, 3099.676714544487, 3196.8138244273428, 3300.264765517902, 3397.141205363846, 3501.6680334523676, 3600.3702046061753, 3696.444266839296, 3799.284568941021, 3900.446843795049, 3996.599320168626, 4098.894527838886, 4196.55021777556, 4297.641750237232, 4399.008565481425, 4500.464569404268, 4599.186726537752, 4698.737826402283]
shares:[0, 99.7267, 199.6342, 299.3885, 399.3135, 499.2704, 599.2509, 699.2514, 799.2626, 899.2733, 999.2654, 1099.2918, 1199.2828, 1299.2373, 1399.2211, 1499.225, 1599.2364, 1699.2339, 1799.2394, 1899.2098, 1999.2104, 2099.2106, 2199.1145, 2299.0354, 2398.7406, 2498.4544, 2598.4449, 2698.427, 2798.4321, 2898.4269, 2998.4114, 3098.3692, 3198.4194, 3298.3617, 3398.3987, 3498.3026, 3598.2435, 3698.2935, 3798.2667, 3898.2093, 3998.2506, 4098.2345, 4198.2756, 4298.2907, 4398.274, 4498.2242, 4598.2028, 4698.1912]
growth_rate:-0.03
