ticker:USDT-USD
price:[1.0028380155563354, 0.9992129802703857, 1.002653956413269, 1.0005340576171875, 1.0017629861831665, 1.0007339715957642, 1.0007840394973755, 1.0007209777832031, 1.000378966331482, 1.000846028327942, 1.000646948814392, 0.9992030262947083, 1.0008900165557861, 1.001202940940857, 0.9999520182609558, 0.9996430277824402, 0.9988539814949036, 1.000514030456543, 1.0002230405807495, 1.0004140138626099, 1.0014170408248901, 1.0008080005645752, 1.0012110471725464, 1.0007460117340088, 1.000331997871399, 1.00211501121521, 1.0003180503845215, 0.9997910261154175, 1.0012799501419067, 1.0006070137023926, 1.0034019947052002, 1.0021770000457764, 1.0001039505004883, 0.9999340176582336, 1.0001319646835327, 1.0000580549240112, 0.9999750256538391, 1.0016740560531616, 1.0000629425048828, 1.0008399486541748, 0.9997329711914062, 1.0008749961853027, 1.000641942024231, 0.9995009899139404, 1.0002249479293823, 1.00062096118927, 1.000162959098816, 1.0003410577774048, 1.0002490282058716, 1.000643014907837, 1.0008790493011475, 1.0012249946594238]
assets:[0, 100.00003600988389, 200.34439791215658, 299.9207894851684, 400.28916230510475, 499.87802717936034, 599.9030792264342, 699.8653238155365, 799.6261165807724, 899.9994814137816, 999.8204144346714, 1098.377723625958, 1200.2321766141176, 1300.6074741739271, 1398.982471167183, 1498.5501681961478, 1597.3672872066497, 1700.0220141305924, 1799.5275781747937, 1899.8711474748732, 2001.775984404445, 2100.558582246566, 2201.404479918945, 2300.382032703781, 2399.430341382265, 2503.7070924538375, 2599.217519288492, 2697.8481023621557, 2801.8658642588853, 2899.9827613770963, 3008.083287195802, 3104.4109218539, 3197.9892980351447, 3297.4459124399127, 3398.098669846594, 3497.8475554856655, 3597.557151118457, 3703.669688608038, 3797.71262250061, 3900.6633072333098, 3996.348974661255, 4100.91414724493, 4199.959200661945, 4295.170296621728, 4398.281361775279, 4500.022705351316, 4597.962957817913, 4698.781709668552, 4798.349426853132, 4900.2394021965265, 5001.395311731267, 5103.124051269722]
shares:[0, 100.0788, 199.8141, 299.7607, 399.5847, 499.5114, 599.4331, 699.3611, 799.3232, 899.2387, 999.174, 1099.2538, 1199.1649, 1299.0448, 1399.0496, 1499.0853, 1599.2, 1699.1486, 1799.1263, 1899.0849, 1998.9434, 2098.8627, 2198.7417, 2298.6672, 2398.634, 2498.4229, 2598.3911, 2698.412, 2798.2842, 2898.2235, 2997.8845, 3097.6673, 3197.6569, 3297.6635, 3397.6503, 3497.6445, 3597.647, 3697.4799, 3797.4736, 3897.3897, 3997.4164, 4097.329, 4197.2648, 4297.3147, 4397.2922, 4497.2301, 4597.2138, 4697.1797, 4797.1548, 4897.0905, 4997.0027, 5096.8804]
growth_rate:0.06
