ticker:VET-USD
price:[0.012373000383377075, 0.01298299990594387, 0.01447299961000681, 0.012741000391542912, 0.011687000282108784, 0.011447000317275524, 0.011632000096142292, 0.011784999631345272, 0.010487000457942486, 0.011126000434160233, 0.011036000214517117, 0.013845999725162983, 0.015178999863564968, 0.01715799979865551, 0.016460999846458435, 0.016307000070810318, 0.016498999670147896, 0.02592100016772747, 0.027187999337911606, 0.02711700089275837, 0.03063100017607212, 0.02542399987578392, 0.028940999880433083, 0.05266899988055229, 0.05483600124716759, 0.03965499997138977, 0.05691999942064285, 0.06663300096988678, 0.0940990000963211, 0.09120900183916092, 0.09408699721097946, 0.13974200189113617, 0.25463199615478516, 0.16777899861335754, 0.21602800488471985, 0.23375700414180756, 0.1767369955778122, 0.08693599700927734, 0.10757199674844742, 0.1286270022392273, 0.1125440001487732, 0.09871900081634521, 0.07783299684524536, 0.08780399709939957, 0.07762899994850159, 0.06755799800157547, 0.07427900284528732, 0.08591700345277786, 0.10128699988126755, 0.13915200531482697, 0.12829099595546722, 0.12358999997377396]
assets:[0, 100.00000011384394, 211.47654386089835, 286.1689220433398, 362.4955790610655, 455.0515024112234, 562.4057808916681, 669.8032895184198, 696.0311941199346, 838.4421694667991, 931.6598598639491, 1268.880202141285, 1491.03949079463, 1785.4374807433737, 1812.9086393535197, 1895.9480949766255, 2018.2711016233222, 3270.8349959013494, 3530.7109737861165, 3621.490912359889, 4190.787518005349, 3578.3905431343696, 4173.4031136109925, 7695.071664942294, 8111.675946662242, 5966.009594514152, 8663.491686267116, 10241.856218512798, 14563.530307214642, 14216.2505566222, 14764.828024891553, 22029.349298473193, 40240.95339367867, 26615.076532398274, 34368.90092907562, 37289.48995860989, 28293.51850617474, 14017.432692217064, 17444.751037555354, 20959.2021909807, 18438.548002207728, 16273.541305501045, 12930.544053326203, 14687.045320936228, 13085.065352492578, 11487.507494662505, 12730.341739491903, 14824.92593498569, 17577.009332051064, 24247.976532932047, 22455.387920829042, 21732.55006818831]
shares:[0, 7702.3801, 14611.7978, 22460.4751, 31016.9907, 39752.9038, 48349.8776, 56835.2406, 66370.8557, 75358.8115, 84420.0654, 91642.368, 98230.4173, 104058.6025, 110133.5676, 116265.9034, 122326.8769, 126184.7527, 129862.8461, 133550.5695, 136815.236, 140748.5274, 144203.833, 146102.4831, 147926.1026, 150447.8527, 152204.7044, 153705.4623, 154768.1728, 155864.5558, 156927.4019, 157643.0064, 158035.73, 158631.7522, 159094.6551, 159522.4498, 160088.2623, 161238.5338, 162168.1438, 162945.5855, 163834.1269, 164847.1031, 166131.9052, 167270.8055, 168558.9839, 170039.1935, 171385.469, 172549.383, 173536.6765, 174255.3151, 175034.793, 175843.92]
growth_rate:326.13
