ticker:XLM-USD
price:[0.07786200195550919, 0.08006100356578827, 0.07740599662065506, 0.0736289992928505, 0.07329100370407104, 0.07722900062799454, 0.07955099642276764, 0.08314300328493118, 0.07847800105810165, 0.08153799921274185, 0.08029399812221527, 0.10352600365877151, 0.19422399997711182, 0.17563000321388245, 0.17485199868679047, 0.17697900533676147, 0.1449729949235916, 0.1364230066537857, 0.28874900937080383, 0.30356600880622864, 0.27155598998069763, 0.30570200085639954, 0.3834730088710785, 0.5176439881324768, 0.49876800179481506, 0.40665099024772644, 0.4128440022468567, 0.3915329873561859, 0.4049989879131317, 0.39934098720550537, 0.43780699372291565, 0.5888100266456604, 0.544734001159668, 0.4164380133152008, 0.5594919919967651, 0.6285889744758606, 0.7143020033836365, 0.36780500411987305, 0.37568798661231995, 0.38125500082969666, 0.3447299897670746, 0.2976300120353699, 0.25864800810813904, 0.26812800765037537, 0.24615700542926788, 0.23073799908161163, 0.2617419958114624, 0.27617698907852173, 0.28733599185943604, 0.3916090130805969, 0.37310901284217834, 0.3437409996986389]
assets:[0, 99.99999635133892, 196.68376857589706, 287.08665443315505, 385.76877375295754, 506.4965075837217, 621.7250212296009, 749.7980871346816, 807.728280825223, 939.2230526985004, 1024.8936049712643, 1421.4330046032742, 2766.734863801956, 2601.8620416159033, 2690.3363405556815, 2823.063241988927, 2412.522501014046, 2370.240561277302, 5116.782942034328, 5479.347880712688, 5001.569004434616, 5730.476603189269, 7288.317687414604, 9938.381722649932, 9675.976737398172, 7988.929329650596, 8210.595154304034, 7886.764075013936, 8258.013684338039, 8242.645886806487, 9136.608161827326, 12387.89530893548, 11560.585690565587, 8937.831552259078, 12108.138130691135, 13703.48718191191, 15672.064960599506, 8169.785456520748, 8444.884411610474, 8670.022258211418, 7939.416342361277, 6954.664953470242, 6143.779734797788, 6468.962330387181, 6038.881246905676, 5760.612314835087, 6634.659090776181, 7100.558554475689, 7487.458455735565, 10304.625578318317, 9917.824797620413, 9237.176783236277]
shares:[0, 1249.0475, 2540.9371, 3899.0976, 5263.5215, 6558.3719, 7815.4272, 9018.1742, 10292.4166, 11518.8386, 12764.2617, 13730.2026, 14245.072, 14814.4508, 15386.3631, 15951.4019, 16641.1855, 17374.1997, 17720.5212, 18049.9388, 18418.187, 18745.3029, 19006.0774, 19199.2604, 19399.7544, 19645.6655, 19887.8877, 20143.294, 20390.2082, 20640.6208, 20869.032, 21038.8661, 21222.4419, 21462.5737, 21641.3073, 21800.3938, 21940.3906, 22212.2738, 22478.4521, 22740.7437, 23030.8258, 23366.8134, 23753.4392, 24126.3954, 24532.6402, 24966.0322, 25348.0878, 25710.1744, 26058.199, 26313.5557, 26581.5739, 26872.4906]
growth_rate:81.12
