ticker:XRP-USD
price:[0.24073100090026855, 0.24180099368095398, 0.24674299359321594, 0.2432519942522049, 0.2485020011663437, 0.25571900606155396, 0.24222500622272491, 0.25321298837661743, 0.23979699611663818, 0.2539390027523041, 0.2696419954299927, 0.44369998574256897, 0.6062459945678711, 0.6198509931564331, 0.51146399974823, 0.5560579895973206, 0.28303900361061096, 0.2258480042219162, 0.31833600997924805, 0.2773840129375458, 0.2735089957714081, 0.49231401085853577, 0.41795799136161804, 0.5941929817199707, 0.5485600233078003, 0.41495299339294434, 0.46686699986457825, 0.442111998796463, 0.5198349952697754, 0.5507559776306152, 0.6467289924621582, 1.3605300188064575, 1.4059979915618896, 1.032256007194519, 1.5626410245895386, 1.5352929830551147, 1.452605962753296, 0.7970150113105774, 0.9066089987754822, 0.945285975933075, 0.8831599950790405, 0.7763770222663879, 0.6469230055809021, 0.6949449777603149, 0.6359350085258484, 0.5879219770431519, 0.6063569784164429, 0.7259219884872437, 0.7787389755249023, 1.288159966468811, 1.2277220487594604, 1.1408319473266602]
assets:[0, 99.9999927098751, 202.04382245144845, 299.18523618455976, 405.6424155552819, 517.4230898880779, 590.1192665050775, 716.8886618040442, 778.9057252221107, 924.8416326364458, 1082.0316679722666, 1880.499484673828, 2669.405691516399, 2829.310850024128, 2434.5782543247697, 2746.8465074718597, 1498.1719777231574, 1295.4506239214584, 1925.956289904785, 1778.1936816236318, 1853.3525597259015, 3436.019828455058, 3017.0649527067126, 4389.232074549723, 4152.146924132824, 3240.851926576996, 3746.308972406727, 3647.6659137565616, 4388.923146939612, 4749.986392357588, 5677.704188939667, 12044.241105574227, 12546.751378233552, 9311.577519126142, 14195.973183645094, 14047.527012899754, 13390.962532991121, 7447.345725391567, 8571.39706501588, 9037.062677870119, 8543.129868957758, 7610.179090522707, 6441.2488891255325, 7019.391541966867, 6523.352890851236, 6130.840381932378, 6423.080291924286, 7789.620738320947, 8456.38174781828, 14088.220393439411, 13527.229006388581, 12669.860567276002]
shares:[0, 413.5632, 818.8432, 1229.9395, 1632.3507, 2023.4049, 2436.2442, 2831.1686, 3248.188, 3641.9834, 4012.8455, 4238.223, 4403.1725, 4564.5016, 4760.0188, 4939.8562, 5293.1644, 5735.9401, 6050.0736, 6410.5846, 6776.2033, 6979.3257, 7218.5842, 7386.8797, 7569.1752, 7810.1664, 8024.3602, 8250.5472, 8442.9159, 8624.4845, 8779.1088, 8852.6096, 8923.7335, 9020.6087, 9084.6029, 9149.737, 9218.5788, 9344.047, 9454.3481, 9560.1362, 9673.366, 9802.1694, 9956.7473, 10100.6436, 10257.8924, 10427.983, 10592.9024, 10730.6582, 10859.0709, 10936.701, 11018.1527, 11105.808]
growth_rate:148.43
