ticker:BFC
price:[64.23999786376953, 62.11000061035156, 62.650001525878906, 56.9900016784668, 58.91999816894531, 60.68000030517578, 64.0999984741211, 64.69000244140625, 64.01000213623047, 63.2599983215332, 66.38999938964844, 65.11000061035156, 68.48999786376953, 69.26000213623047, 68.8499984741211, 69.37999725341797, 68.0999984741211, 64.81999969482422, 68.73999786376953, 67.87999725341797, 70.0, 66.0199966430664, 68.77999877929688, 69.9800033569336, 69.0999984741211, 69.9000015258789, 73.98999786376953, 77.0, 77.0, 71.19999694824219, 73.0999984741211, 72.27999877929688, 69.94000244140625, 71.22000122070312, 72.31999969482422, 72.2300033569336, 72.0, 72.69999694824219, 71.22000122070312, 71.55999755859375, 71.4000015258789, 70.87999725341797, 70.51000213623047, 69.20999908447266, 69.43000030517578, 70.0, 69.11000061035156, 69.98999786376953, 71.5, 70.37999725341797, 68.98999786376953, 70.98999786376953]
assets:[0, 99.99710098266603, 200.86843489227294, 282.7216993267059, 392.2952398086548, 504.0141505348206, 632.4234049453735, 738.2423078613282, 830.484970716095, 920.7556015697479, 1066.3163361968993, 1145.7602137405395, 1305.2412852890016, 1419.913155795288, 1511.5053265014649, 1623.138097743988, 1693.190692061615, 1711.6369119415283, 1915.1513324829102, 1991.1918394317627, 2153.382, 2130.947237647247, 2320.031894824219, 2460.5109140304567, 2529.57128414154, 2658.856258041382, 2914.4290208549496, 3132.9914000000003, 3232.9912999999997, 3089.467547579956, 3271.9120717025758, 3335.2087556732176, 3327.234754144287, 3488.1277557861326, 3641.9990246315, 3737.469293701172, 3825.5688, 3962.7605136535644, 3982.0883182525636, 4101.096304083252, 4191.929789585114, 4261.397578871917, 4339.150276462555, 4359.15026633606, 4473.006940660858, 4609.731000000001, 4651.123774076843, 4810.349562178802, 5014.13055, 5035.5902714859, 5036.138763059234, 5282.13147405014]
shares:[0, 1.61, 3.2062, 4.9609, 6.6581, 8.3061, 9.8662, 11.412, 12.9743, 14.5551, 16.0614, 17.5973, 19.0574, 20.5012, 21.9536, 23.3949, 24.8633, 26.406, 27.8608, 29.334, 30.7626, 32.2773, 33.7312, 35.1602, 36.6074, 38.038, 39.3895, 40.6882, 41.9869, 43.3914, 44.7594, 46.1429, 47.5727, 48.9768, 50.3595, 51.744, 53.1329, 54.5084, 55.9125, 57.3099, 58.7105, 60.1213, 61.5395, 62.9844, 64.4247, 65.8533, 67.3003, 68.7291, 70.1277, 71.5486, 72.9981, 74.4067]
growth_rate:3.57
