ticker:BFI
price:[12.859999656677246, 14.5, 14.960000038146973, 12.779999732971191, 11.90999984741211, 11.720000267028809, 11.600000381469727, 11.050000190734863, 10.720000267028809, 10.649999618530273, 11.149999618530273, 11.5600004196167, 12.40999984741211, 15.449999809265137, 16.450000762939453, 16.0, 14.800000190734863, 13.6899995803833, 13.15999984741211, 13.390000343322754, 13.359999656677246, 12.170000076293945, 14.430000305175781, 16.3799991607666, 15.0, 14.789999961853027, 14.239999771118164, 14.430000305175781, 15.550000190734863, 15.630000114440918, 15.449999809265137, 15.319999694824219, 13.180000305175781, 13.199999809265137, 13.069999694824219, 11.979999542236328, 9.880000114440918, 10.300000190734863, 10.569999694824219, 10.119999885559082, 10.550000190734863, 10.09000015258789, 10.170000076293945, 9.760000228881836, 9.75, 11.0600004196167, 11.279999732971191, 11.229999542236328, 11.300000190734863, 11.15999984741211, 9.789999961853027, 10.399999618530273]
assets:[0, 100.00070000000001, 203.17325651807784, 273.5661182840347, 354.94300645256044, 449.28035023641587, 544.6803379119873, 618.8552606821061, 700.3740654459, 795.8009864953995, 933.1624230741501, 1067.4758707483293, 1245.9664666801452, 1651.18319461565, 1858.0555511753082, 1907.2272, 1864.1858240246772, 1824.3717830805779, 1853.7425825061796, 1986.1414289251327, 2081.6910185050965, 1996.2706695146562, 2466.9831551734924, 2900.358949399376, 2756.007, 2817.4225217331887, 2812.650578791809, 2950.178930392456, 3279.160715221882, 3396.031719865322, 3456.922007323265, 3527.83437772522, 3135.0436385902403, 3239.8013531861307, 3307.8940647628783, 3132.0247243232725, 2683.0059150774955, 2897.060453647613, 3073.002270276642, 3042.174177597904, 3271.436899144745, 3228.796012828064, 3354.395533164215, 3319.164285837746, 3415.763325, 3974.702028800297, 4153.764021668911, 4235.351653356171, 4361.752613622856, 4407.713363734436, 3966.623095543957, 4313.777361771583]
shares:[0, 6.8966, 13.5811, 21.4058, 29.8021, 38.3345, 46.9552, 56.005, 65.3334, 74.7231, 83.6917, 92.3422, 100.4002, 106.8727, 112.9517, 119.2017, 125.9585, 133.2631, 140.8619, 148.3302, 155.8152, 164.0321, 170.9621, 177.0671, 183.7338, 190.4951, 197.5176, 204.4476, 210.8785, 217.2765, 223.749, 230.2764, 237.8637, 245.4395, 253.0906, 261.4378, 271.5593, 281.268, 290.7287, 300.6101, 310.0888, 319.9996, 329.8324, 340.0783, 350.3347, 359.3763, 368.2415, 377.1462, 385.9958, 394.9564, 405.1709, 414.7863]
growth_rate:-15.42
