ticker:BFIN
price:[7.539999961853027, 7.510000228881836, 7.5, 7.269999980926514, 7.28000020980835, 7.25, 7.369999885559082, 7.460000038146973, 7.349999904632568, 7.510000228881836, 8.25, 8.149999618530273, 8.380000114440918, 8.460000038146973, 8.829999923706055, 8.75, 8.75, 8.779999732971191, 9.1899995803833, 9.520000457763672, 9.069999694824219, 8.479999542236328, 9.34000015258789, 9.529999732971191, 9.510000228881836, 9.449999809265137, 10.779999732971191, 10.979999542236328, 10.9399995803833, 10.720000267028809, 10.520000457763672, 10.289999961853027, 10.270000457763672, 10.380000114440918, 10.420000076293945, 10.539999961853027, 10.760000228881836, 10.770000457763672, 11.050000190734863, 10.979999542236328, 11.149999618530273, 10.569999694824219, 11.5, 11.550000190734863, 11.329999923706055, 11.449999809265137, 11.3100004196167, 11.420000076293945, 11.350000381469727, 11.460000038146973, 11.34000015258789, 11.819999694824219]
assets:[0, 100.00015904769897, 199.86675, 293.73780622935294, 394.142123359108, 492.51787499999995, 600.6697306728363, 708.0047316204071, 797.5646596514703, 914.9268058841704, 1105.07925, 1191.6839792219162, 1325.3146160990714, 1437.9665104839323, 1600.8560281681061, 1686.3525, 1786.3527499999998, 1892.4771404435157, 2080.850249988079, 2255.5708524578095, 2248.9526813301086, 2202.6595290969844, 2526.042269268036, 2677.428646978951, 2771.809392710495, 2854.3214123895646, 3356.0402968683247, 3518.3047833194732, 3605.488003707218, 3632.983434495449, 3665.2039274864196, 3685.071250338745, 3777.909017392349, 3918.3732312005995, 4033.472619532585, 4179.923672871781, 4367.1709768964765, 4471.230310043335, 4687.474170910836, 4757.779835644913, 4931.443016282845, 4774.9191441390985, 5295.04045, 5418.062354473019, 5414.860755537415, 5572.211107177734, 5604.07919491911, 5758.58414447155, 5823.286810718727, 5979.723733904742, 6017.108408964538, 6371.800143489075]
shares:[0, 13.3156, 26.6489, 40.4041, 54.1404, 67.9335, 81.502, 94.9068, 108.5122, 121.8278, 133.949, 146.2189, 158.1521, 169.9724, 181.2974, 192.726, 204.1546, 215.5441, 226.4255, 236.9297, 247.9551, 259.7476, 270.4542, 280.9474, 291.4626, 302.0446, 311.321, 320.4285, 329.5693, 338.8977, 348.4034, 358.1216, 367.8587, 377.4926, 387.0895, 396.5772, 405.8709, 415.156, 424.2058, 433.3133, 442.2819, 451.7426, 460.4383, 469.0963, 477.9224, 486.656, 495.4977, 504.2543, 513.0649, 521.7909, 530.6092, 539.0694]
growth_rate:24.94
