ticker:BFIT
price:[21.6200008392334, 21.75, 21.959999084472656, 21.725000381469727, 22.360000610351562, 22.979999542236328, 22.899999618530273, 23.079999923706055, 21.6299991607666, 23.139999389648438, 23.475000381469727, 24.334999084472656, 24.378999710083008, 24.959999084472656, 24.75, 25.270000457763672, 25.464000701904297, 25.56999969482422, 26.18000030517578, 25.743000030517578, 26.09000015258789, 25.209999084472656, 26.575000762939453, 26.950000762939453, 26.80500030517578, 25.98900032043457, 25.670000076293945, 26.674999237060547, 26.950000762939453, 26.360000610351562, 26.719999313354492, 27.356000900268555, 27.979999542236328, 28.016000747680664, 27.59000015258789, 28.31999969482422, 27.961000442504883, 28.200000762939453, 29.459999084472656, 29.426000595092773, 29.368000030517578, 29.139999389648438, 30.540000915527344, 30.690000534057617, 30.690000534057617, 29.530000686645508, 29.80500030517578, 30.0, 30.299999237060547, 30.469999313354492, 29.579999923706055, 30.52899932861328]
assets:[0, 99.99997499999999, 200.9647356216431, 298.8143452468872, 407.5490231246948, 518.8493236644745, 617.0427797212601, 721.8939296136856, 776.5407628705979, 930.7509394500732, 1044.2267044687271, 1182.4814085128785, 1284.619697023201, 1415.234444089508, 1503.3273749999998, 1634.9134356163024, 1747.464501768112, 1854.7378268638613, 1998.984395301819, 2065.6183224487304, 2193.4619738285064, 2219.4782353973387, 2439.651507539749, 2574.078117870712, 2660.2274087867736, 2679.2450265340804, 2746.3588651624677, 2953.880048015213, 3084.3332623157503, 3116.8091081680295, 3259.3749882411958, 3436.9559767080304, 3615.3544988513945, 3720.00660327816, 3763.441560813904, 3963.018629294586, 4012.7810370054244, 4147.08083219757, 4432.374702255249, 4527.260813956451, 4618.3382647991175, 4682.483189923096, 5007.4484941131595, 5132.043269306183, 5232.043567046357, 5134.286723384857, 5282.098783583832, 5416.656000000001, 5570.821509729386, 5702.076449502945, 5635.525383464623, 5916.327737189484]
shares:[0, 4.5977, 9.1514, 13.7544, 18.2267, 22.5783, 26.9451, 31.2779, 35.9011, 40.2226, 44.4825, 48.5918, 52.6937, 56.7001, 60.7405, 64.6978, 68.6249, 72.5357, 76.3554, 80.24, 84.0729, 88.0396, 91.8025, 95.5131, 99.2437, 103.0915, 106.9871, 110.7359, 114.4465, 118.2401, 121.9826, 125.6381, 129.2121, 132.7815, 136.406, 139.9371, 143.5135, 147.0596, 150.454, 153.8524, 157.2575, 160.6892, 163.9636, 167.222, 170.4804, 173.8668, 177.2219, 180.5552, 183.8555, 187.1374, 190.5181, 193.7937]
growth_rate:16.01
