ticker:BFST
price:[15.550000190734863, 15.050000190734863, 14.739999771118164, 13.510000228881836, 15.5, 15.819999694824219, 16.06999969482422, 17.15999984741211, 16.610000610351562, 17.219999313354492, 19.290000915527344, 18.950000762939453, 20.209999084472656, 20.399999618530273, 20.25, 21.989999771118164, 20.010000228881836, 20.360000610351562, 21.329999923706055, 21.299999237060547, 21.3799991607666, 20.299999237060547, 21.530000686645508, 21.860000610351562, 22.100000381469727, 21.969999313354492, 23.649999618530273, 24.25, 24.649999618530273, 24.010000228881836, 24.610000610351562, 23.639999389648438, 23.469999313354492, 23.280000686645508, 23.770000457763672, 24.280000686645508, 24.049999237060547, 24.43000030517578, 24.399999618530273, 23.969999313354492, 23.350000381469727, 24.309999465942383, 23.690000534057617, 23.15999984741211, 22.829999923706055, 22.899999618530273, 22.959999084472656, 23.309999465942383, 24.020000457763672, 24.200000762939453, 23.399999618530273, 24.040000915527344]
assets:[0, 99.99972626733779, 197.9405089263916, 281.42276176776886, 422.87565, 531.6057777450561, 640.0070218460083, 783.4174850337982, 858.3084935394287, 989.8296685306549, 1208.815623371887, 1287.5085318359377, 1473.1149172668456, 1586.9649303245544, 1675.296675, 1919.2475980236054, 1846.4367781202316, 1978.7334873184202, 2173.0044072275164, 2269.9473086933135, 2378.473594637299, 2358.3260213665008, 2601.2202349594118, 2741.0910565338136, 2871.185639559746, 2954.2970196670535, 3280.2052820909503, 3463.4237999999996, 3620.552503970337, 3626.5496675710674, 3817.1759816696162, 3766.7218547485354, 3839.635559666443, 3908.551483283043, 4090.8194557811735, 4278.590156999779, 4338.0594973835, 4506.602156295777, 4601.068888066864, 4619.984858655738, 4600.48712515831, 4889.628207581521, 4864.924022672843, 4856.084548006058, 4886.891614668846, 5001.875166678429, 5114.980380040741, 5292.952627732659, 5554.171127849198, 5695.7920395679475, 5607.501028585815, 5860.868083202362]
shares:[0, 6.6445, 13.4288, 20.8307, 27.2823, 33.6034, 39.8262, 45.6537, 51.6742, 57.4814, 62.6654, 67.9424, 72.8904, 77.7924, 82.7307, 87.2782, 92.2757, 97.1873, 101.8755, 106.5703, 111.2476, 116.1737, 120.8184, 125.393, 129.9179, 134.4696, 138.6979, 142.8216, 146.8784, 151.0433, 155.1067, 159.3368, 163.5976, 167.8931, 172.1001, 176.2187, 180.3767, 184.47, 188.5684, 192.7403, 197.023, 201.1365, 205.3577, 209.6755, 214.0557, 218.4225, 222.7779, 227.0679, 231.2311, 235.3633, 239.6368, 243.7965]
growth_rate:14.92
