ticker:BGCP
price:[2.559999942779541, 2.369999885559082, 2.490000009536743, 2.3399999141693115, 2.5899999141693115, 2.680000066757202, 2.8399999141693115, 2.6500000953674316, 2.950000047683716, 3.1600000858306885, 3.619999885559082, 3.8399999141693115, 4.150000095367432, 4.460000038146973, 4.289999961853027, 4.239999771118164, 4.150000095367432, 4.0, 3.9700000286102295, 3.799999952316284, 3.859999895095825, 3.549999952316284, 4.039999961853027, 4.670000076293945, 4.809999942779541, 4.480000019073486, 4.349999904632568, 4.570000171661377, 4.480000019073486, 4.510000228881836, 5.039999961853027, 5.690000057220459, 5.920000076293945, 5.650000095367432, 5.300000190734863, 5.53000020980835, 5.539999961853027, 5.429999828338623, 5.900000095367432, 6.119999885559082, 6.340000152587891, 5.619999885559082, 5.960000038146973, 5.730000019073486, 5.570000171661377, 5.380000114440918, 5.320000171661377, 5.349999904632568, 5.679999828338623, 5.619999885559082, 5.230000019073486, 5.269999980926514]
assets:[0, 100.00001217126847, 205.06320378539561, 292.7098872634649, 423.98220894954204, 538.7151214190721, 670.8772757246971, 725.9945561268806, 908.1825896798372, 1072.8329851398705, 1329.0047659854888, 1509.7731502539395, 1731.6560147936345, 1961.008496772766, 1986.261402338028, 2063.1113846300127, 2119.3191437021733, 2142.7172, 2226.646770046568, 2231.299172000885, 2366.530037684226, 2276.4719044223543, 2690.6892625936507, 3210.2771374464037, 3406.5165144755842, 3272.8053259338853, 3277.835418138218, 3543.6110371074674, 3573.8241432154655, 3697.755952660561, 4232.303679966354, 4878.136624056101, 5175.319714696884, 5039.283110059023, 4827.115093716812, 5136.5937828825, 5245.881917878247, 5241.721643290758, 5795.425543677092, 6111.526133717537, 6431.22197678337, 5800.8621598761565, 6251.804024014663, 6110.543072340202, 6039.91713514371, 5933.887804222965, 5967.710724561167, 6101.362986239004, 6577.708465208006, 6608.2257234356875, 6249.64814479208, 6397.446385845995]
shares:[0, 42.1941, 82.3547, 125.0897, 163.6997, 201.0131, 236.2244, 273.9602, 307.8585, 339.5041, 367.1284, 393.1701, 417.2665, 439.688, 462.998, 486.5829, 510.6793, 535.6793, 560.8682, 587.184, 613.0907, 641.2597, 666.0122, 687.4255, 708.2155, 730.5369, 753.5254, 775.4072, 797.7286, 819.9015, 839.7428, 857.3175, 874.2094, 891.9085, 910.7764, 928.8596, 946.9101, 965.3263, 982.2755, 998.6154, 1014.3883, 1032.1819, 1048.9604, 1066.4124, 1084.3657, 1102.9531, 1121.7501, 1140.4417, 1158.0473, 1175.8409, 1194.9614, 1213.9367]
growth_rate:25.44
