ticker:CPRT
price:[103.48999786376953, 102.01000213623047, 103.66000366210938, 104.26000213623047, 107.33999633789062, 115.20999908447266, 117.18000030517578, 114.29000091552734, 110.36000061035156, 123.72000122070312, 117.70999908447266, 114.47000122070312, 115.20999908447266, 112.08999633789062, 116.9800033569336, 122.36000061035156, 123.70999908447266, 127.25, 122.18000030517578, 115.77999877929688, 114.58999633789062, 109.75, 119.38999938964844, 119.43000030517578, 117.06999969482422, 109.16000366210938, 106.38999938964844, 109.94999694824219, 106.5999984741211, 107.43000030517578, 112.61000061035156, 118.02999877929688, 123.4800033569336, 124.68000030517578, 124.51000213623047, 124.55999755859375, 124.12999725341797, 127.0199966430664, 129.00999450683594, 125.02999877929688, 124.83999633789062, 128.13999938964844, 133.27999877929688, 135.24000549316406, 138.49000549316406, 140.13999938964844, 146.63999938964844, 147.0, 145.99000549316406, 141.5, 139.97999572753906, 144.44000244140625]
assets:[0, 100.00040509414673, 201.61870712280273, 302.7814722038269, 411.72402395324707, 541.9132726936341, 651.1809796958923, 735.1247148887635, 809.8437564788818, 1007.884989944458, 1058.919151763916, 1129.7731240478515, 1237.0788861694336, 1303.5730304107665, 1460.4368519096374, 1627.6082561187745, 1745.5604580818176, 1895.516, 1919.9976147956847, 1919.4239757629393, 1999.6985670928957, 2015.2404750000003, 2292.252171281433, 2393.018916114807, 2445.732777624512, 2380.484947860718, 2420.074594116211, 2601.054092805481, 2621.8056424713136, 2742.215215789795, 2974.4355121215817, 3217.592190722656, 3466.15778223114, 3599.8482448112486, 3694.933921394348, 3796.4143415893554, 3883.3076600753784, 4073.721822338104, 4237.5396855682375, 4206.809350927734, 4300.413289849854, 4514.090270498657, 4795.161124081421, 4965.674901695252, 5185.010409661865, 5346.789424713134, 5694.779040296936, 5808.7638, 5868.856616827393, 5788.35465, 5826.177392173767, 6111.805375305175]
shares:[0, 0.9803, 1.945, 2.9041, 3.8357, 4.7037, 5.5571, 6.4321, 7.3382, 8.1465, 8.996, 9.8696, 10.7376, 11.6297, 12.4845, 13.3018, 14.1101, 14.896, 15.7145, 16.5782, 17.4509, 18.3621, 19.1997, 20.037, 20.8912, 21.8073, 22.7472, 23.6567, 24.5948, 25.5256, 26.4136, 27.2608, 28.0706, 28.8727, 29.6758, 30.4786, 31.2842, 32.0715, 32.8466, 33.6464, 34.4474, 35.2278, 35.9781, 36.7175, 37.4396, 38.1532, 38.8351, 39.5154, 40.2004, 40.9071, 41.6215, 42.3138]
growth_rate:19.84
