ticker:CPRX
price:[3.0799999237060547, 3.200000047683716, 3.359999895095825, 3.1600000858306885, 3.049999952316284, 3.2899999618530273, 3.2699999809265137, 3.190000057220459, 2.9700000286102295, 3.1500000953674316, 3.4000000953674316, 3.3499999046325684, 3.700000047683716, 3.5899999141693115, 3.630000114440918, 3.5799999237060547, 3.4200000762939453, 3.3399999141693115, 3.4800000190734863, 3.490000009536743, 3.5999999046325684, 3.640000104904175, 4.369999885559082, 4.199999809265137, 4.340000152587891, 3.890000104904175, 3.5299999713897705, 3.890000104904175, 4.369999885559082, 4.380000114440918, 4.510000228881836, 4.329999923706055, 4.440000057220459, 4.670000076293945, 4.579999923706055, 4.829999923706055, 5.510000228881836, 5.699999809265137, 5.53000020980835, 5.480000019073486, 5.739999771118164, 5.730000019073486, 6.050000190734863, 5.650000095367432, 5.590000152587891, 5.559999942779541, 5.550000190734863, 5.840000152587891, 5.809999942779541, 6.039999961853027, 5.510000228881836, 5.46999979019165]
assets:[0, 100.00000149011612, 204.99997759959697, 292.797707952857, 382.6054140183449, 512.7119490551949, 609.5950314443112, 694.6815274608135, 746.7723521937132, 892.0312020065785, 1062.8274498115063, 1147.197417341709, 1367.0538176178932, 1426.4117938969612, 1542.3050106233597, 1621.061197453308, 1648.6117207775117, 1710.04755805552, 1881.726142313528, 1987.133413430023, 2149.7651430506708, 2273.6514455262422, 2829.6308618980406, 2819.553531955433, 3013.5389979515076, 2801.0750985384225, 2641.849507588124, 3011.273199206972, 3482.8440237917903, 3590.8138838210107, 3797.390426716995, 3745.831406999016, 3940.991114789486, 4245.14168235302, 4263.32956898117, 4596.043904401588, 5343.106178949165, 5627.351031696128, 5559.518244928265, 5609.251299523354, 5975.383385732269, 6064.973528188514, 6503.680630037784, 6173.68504420681, 6208.123922460556, 6274.806323423148, 6363.520883692837, 6796.0292015670775, 6861.117825427484, 7232.7284183200845, 6698.068682233429, 6749.443134117079]
shares:[0, 31.25, 61.0119, 92.6575, 125.4444, 155.8395, 186.4205, 217.7685, 251.4385, 283.1845, 312.5963, 342.447, 369.474, 397.3292, 424.8774, 452.8104, 482.0502, 511.9903, 540.7259, 569.3792, 597.157, 624.6295, 647.5128, 671.3223, 694.3638, 720.0707, 748.3993, 774.1062, 796.9895, 819.8205, 841.9934, 865.0881, 887.6106, 909.0239, 930.858, 951.5619, 969.7107, 987.2546, 1005.3378, 1023.586, 1041.0076, 1058.4596, 1074.9885, 1092.6876, 1110.5767, 1128.5623, 1146.5803, 1163.7036, 1180.9153, 1197.4716, 1215.6204, 1233.9019]
growth_rate:32.34
