ticker:CPSH
price:[1.5099999904632568, 1.4500000476837158, 1.600000023841858, 1.6699999570846558, 1.7899999618530273, 1.809999942779541, 1.75, 1.7100000381469727, 1.399999976158142, 1.409999966621399, 1.7200000286102295, 2.4000000953674316, 2.4700000286102295, 2.2899999618530273, 2.259999990463257, 2.2899999618530273, 2.2899999618530273, 2.7799999713897705, 3.5799999237060547, 10.069999694824219, 8.300000190734863, 6.650000095367432, 22.540000915527344, 25.979999542236328, 22.6299991607666, 19.790000915527344, 14.270000457763672, 16.31999969482422, 15.770000457763672, 11.979999542236328, 12.649999618530273, 11.329999923706055, 8.529999732971191, 8.09000015258789, 7.570000171661377, 6.550000190734863, 6.019999980926514, 6.079999923706055, 6.380000114440918, 6.610000133514404, 8.300000190734863, 7.579999923706055, 8.0600004196167, 8.020000457763672, 7.570000171661377, 6.550000190734863, 7.050000190734863, 6.550000190734863, 6.349999904632568, 5.860000133514404, 5.380000114440918, 5.789999961853027]
assets:[0, 99.99997828853131, 210.34480313438175, 319.5473107883334, 442.50875456962586, 547.4529446930885, 629.305425, 714.9212619485855, 685.3156683291435, 790.2107932935239, 1063.945061697507, 1584.574622965336, 1730.7912640479087, 1704.660628603649, 1782.3288784789324, 1905.9880362499239, 2005.987983584118, 2535.2168039089443, 3364.775698292732, 9564.606550140381, 7983.439843460274, 6496.370463164234, 22119.278274438475, 25595.066879018785, 22394.701481492615, 19684.233255634306, 14293.734322525024, 16447.143916446686, 15992.860527232742, 12249.299149946213, 13034.359736939621, 11774.252619714545, 8964.463327370453, 8602.052667245865, 8149.139249794245, 7151.104843238926, 6672.465638859272, 6838.968746182251, 7276.418202520371, 7638.734284293651, 9691.754182717514, 8951.02331390648, 9617.842942720508, 9670.111541948318, 9227.523624248266, 8084.18512041006, 8801.29849311552, 8277.093106027509, 8124.356882984401, 7597.4380191002365, 7075.122480498791, 7714.304712174892]
shares:[0, 68.9655, 131.4655, 191.3457, 247.2116, 302.4602, 359.6031, 418.0826, 489.5112, 560.4332, 618.5727, 660.2394, 700.7252, 744.3933, 788.6411, 832.3092, 875.9773, 911.9485, 939.8815, 949.812, 961.8602, 976.8978, 981.3344, 985.1835, 989.6024, 994.6555, 1001.6632, 1007.7907, 1014.1319, 1022.4791, 1030.3842, 1039.2103, 1050.9336, 1063.2945, 1076.5045, 1091.7717, 1108.383, 1124.8304, 1140.5044, 1155.633, 1167.6812, 1180.8738, 1193.2807, 1205.7495, 1218.9595, 1234.2267, 1248.4111, 1263.6783, 1279.4263, 1296.4911, 1315.0785, 1332.3497]
growth_rate:51.26
