ticker:CPTAL
price:[22.799999237060547, 23.399999618530273, 23.5, 22.610000610351562, 22.850000381469727, 22.600000381469727, 22.739999771118164, 22.549999237060547, 22.790000915527344, 22.299999237060547, 22.299999237060547, 23.59000015258789, 23.780000686645508, 23.989999771118164, 23.989999771118164, 23.850000381469727, 23.75, 24.200000762939453, 24.290000915527344, 24.40999984741211, 24.549999237060547, 24.360000610351562, 24.56999969482422, 24.558000564575195, 24.499000549316406, 24.290000915527344, 24.55500030517578, 24.604999542236328, 24.700000762939453, 24.639999389648438, 24.700000762939453, 24.93000030517578, 24.950000762939453, 25.25, 25.219999313354492, 25.270000457763672, 25.035999298095703, 25.010000228881836, 25.06999969482422, 24.899999618530273, 25.049999237060547, 25.239999771118164, 25.160999298095703, 25.229999542236328, 25.290000915527344, 25.260000228881836, 25.354999542236328, 25.56399917602539, 25.43000030517578, 25.110000610351562, 25.170000076293945, 25.14900016784668]
assets:[0, 99.99989836978914, 200.42680000000001, 292.83568390502927, 395.94480661010743, 491.61328829803466, 594.6578160146713, 689.6894716655731, 797.0301440185547, 879.8932998966217, 979.8931864753723, 1136.578002351761, 1245.7319819704055, 1356.7328460557937, 1456.7327611017226, 1548.23231476326, 1641.740125, 1772.8460758914948, 1879.4388208389282, 1988.724184568405, 2100.1296847343447, 2183.8764907180785, 2302.7028283988952, 2401.5784470109943, 2495.808732061005, 2574.5166290374755, 2702.6043650886536, 2808.1070852565763, 2918.9497601612093, 3011.858005393982, 3119.192666346359, 3248.2369387626645, 3350.8424874645234, 3491.133175, 3586.9850183399203, 3694.0975439182284, 3759.8888493885042, 3855.984312288475, 3965.234106731415, 4038.346678132248, 4162.673603218842, 4294.247745058822, 4380.806748790741, 4492.819553483963, 4603.503460652161, 4698.0417665691375, 4815.7105600563045, 4955.407405078125, 5029.433568356323, 5066.146014143372, 5178.251802696037, 5273.931437798691]
shares:[0, 4.2735, 8.5288, 12.9516, 17.328, 21.7528, 26.1503, 30.5849, 34.9728, 39.4571, 43.9414, 48.1805, 52.3857, 56.5541, 60.7225, 64.9154, 69.1259, 73.2581, 77.375, 81.4717, 85.545, 89.6501, 93.7201, 97.7921, 101.8739, 105.9908, 110.0633, 114.1275, 118.1761, 122.2345, 126.2831, 130.2943, 134.3023, 138.2627, 142.2278, 146.1851, 150.1793, 154.1777, 158.1665, 162.1826, 166.1746, 170.1366, 174.111, 178.0745, 182.0286, 185.9874, 189.9314, 193.8432, 197.7756, 201.7581, 205.7311, 209.7074]
growth_rate:3.41
