ticker:CPZ
price:[15.079999923706055, 15.149999618530273, 15.140000343322754, 14.050000190734863, 14.460000038146973, 15.220000267028809, 14.998000144958496, 14.880000114440918, 14.130000114440918, 15.09000015258789, 16.399999618530273, 17.010000228881836, 17.43000030517578, 17.940000534057617, 17.59000015258789, 17.6200008392334, 17.309999465942383, 17.43000030517578, 18.260000228881836, 17.59000015258789, 18.020000457763672, 17.399999618530273, 18.06999969482422, 18.200000762939453, 18.389999389648438, 18.309999465942383, 19.31999969482422, 19.559999465942383, 19.75, 19.899999618530273, 20.020000457763672, 20.68000030517578, 20.350000381469727, 20.610000610351562, 20.739999771118164, 20.690000534057617, 20.399999618530273, 20.760000228881836, 20.600000381469727, 20.950000762939453, 21.260000228881836, 20.75, 20.899999618530273, 20.8799991607666, 20.329999923706055, 20.0, 20.09000015258789, 20.09000015258789, 20.209999084472656, 20.399999618530273, 19.959999084472656, 20.15999984741211]
assets:[0, 100.00060248203278, 199.9343025338173, 285.5395588763237, 393.871603039074, 514.572989027977, 607.0680526674271, 702.2913654012681, 766.8930392111778, 918.9960992927552, 1098.7770144420624, 1239.646291680336, 1370.2542449913026, 1510.3471169616698, 1580.8801557136537, 1683.57698418808, 1753.956467885971, 1866.1150946731568, 2054.978599758339, 2079.5760090396884, 2230.412942659378, 2253.672310591507, 2440.4510367843627, 2558.008287231064, 2684.71187489624, 2773.0329401174545, 3025.996884201813, 3163.5873696228023, 3294.3177750000004, 3419.3373344535826, 3539.9565009422304, 3756.6585434371946, 3796.711781171036, 3945.219902835083, 4070.1046630832675, 4160.29358238697, 4201.981721425056, 4376.1353882474905, 4442.40862226429, 4617.887158170319, 4786.219205527687, 4771.4044, 4905.896620456886, 5001.202454985809, 4969.465181350708, 4988.8, 5111.249622821045, 5211.249607580567, 5342.375829986573, 5492.601977291108, 5474.133540911866, 5628.984437395096]
shares:[0, 6.6007, 13.2057, 20.3231, 27.2387, 33.809, 40.4766, 47.197, 54.2741, 60.901, 66.9986, 72.8775, 78.6147, 84.1888, 89.8738, 95.5492, 101.3262, 107.0634, 112.5399, 118.2249, 123.7743, 129.5214, 135.0554, 140.5499, 145.9876, 151.4491, 156.6251, 161.7376, 166.8009, 171.826, 176.821, 181.6566, 186.5706, 191.4226, 196.2442, 201.0775, 205.9795, 210.7965, 215.6509, 220.4242, 225.1279, 229.9472, 234.7319, 239.5212, 244.44, 249.44, 254.4176, 259.3952, 264.3432, 269.2452, 274.2552, 279.2155]
growth_rate:10.37
