ticker:CRAI
price:[41.869998931884766, 40.45000076293945, 41.25, 38.119998931884766, 38.11000061035156, 39.13999938964844, 40.04999923706055, 40.25, 40.95000076293945, 40.869998931884766, 44.77000045776367, 43.9900016784668, 46.88999938964844, 49.59000015258789, 51.86000061035156, 51.369998931884766, 50.529998779296875, 50.93000030517578, 54.86000061035156, 57.79999923706055, 59.75, 53.209999084472656, 54.400001525878906, 58.83000183105469, 56.7400016784668, 55.16999816894531, 66.16000366210938, 71.13999938964844, 71.51000213623047, 69.16000366210938, 75.0999984741211, 76.62000274658203, 76.44000244140625, 77.0, 80.26000213623047, 85.76000213623047, 82.20999908447266, 82.5, 81.86000061035156, 84.3499984741211, 83.94999694824219, 86.44000244140625, 89.2300033569336, 85.44999694824219, 84.04000091552734, 82.2699966430664, 85.52999877929688, 85.7300033569336, 92.83000183105469, 90.80000305175781, 94.0, 93.77999877929688]
assets:[0, 100.00049188613892, 201.9765, 286.6509559680939, 386.5764131912232, 497.0231962493897, 608.5797634067535, 711.62, 823.9959153518677, 922.3868318939209, 1110.4034593536376, 1191.0556894454958, 1369.5771691726686, 1548.4378367645263, 1719.3197862350464, 1803.076688509369, 1873.591718737793, 1988.4243509147643, 2241.8594109420774, 2462.0025275024414, 2645.0607999999997, 2455.5403587501523, 2610.454793221283, 2923.0333539779667, 2919.187976354599, 2938.414789476013, 3623.7554165832516, 3996.5242277114867, 4117.309939997101, 4082.0032321472167, 4532.600327906799, 4724.335735352325, 4813.235853729248, 4948.4974, 5258.0093119491585, 5718.322574440002, 5581.615003840637, 5701.302750000001, 5757.074680924988, 6032.1889208786015, 6103.584528121948, 6384.622816326905, 6690.697649711609, 6507.265072599793, 6499.888982809448, 6462.9910772850035, 6819.092977676392, 6935.042891555787, 7609.38664609375, 7542.983253517152, 7908.8122, 7990.29972399292]
shares:[0, 2.4722, 4.8964, 7.5197, 10.1437, 12.6986, 15.1955, 17.68, 20.122, 22.5688, 24.8024, 27.0756, 29.2083, 31.2248, 33.1531, 35.0998, 37.0788, 39.0423, 40.8651, 42.5952, 44.2688, 46.1481, 47.9863, 49.6861, 51.4485, 53.2611, 54.7726, 56.1783, 57.5767, 59.0226, 60.3542, 61.6593, 62.9675, 64.2662, 65.5122, 66.6782, 67.8946, 69.1067, 70.3283, 71.5138, 72.705, 73.8619, 74.9826, 76.1529, 77.3428, 78.5583, 79.7275, 80.894, 81.9712, 83.0725, 84.1363, 85.2026]
growth_rate:56.67
