ticker:CRDL
price:[2.2699999809265137, 2.3350000381469727, 2.299999952316284, 2.2300000190734863, 2.1600000858306885, 2.3299999237060547, 2.619999885559082, 2.2699999809265137, 2.244999885559082, 2.299999952316284, 2.1689999103546143, 2.049999952316284, 2.0199999809265137, 1.9500000476837158, 1.940000057220459, 2.0999999046325684, 2.1700000762939453, 2.180000066757202, 2.130000114440918, 2.6700000762939453, 2.5299999713897705, 2.4600000381469727, 3.2899999618530273, 3.5999999046325684, 3.7780001163482666, 3.4800000190734863, 3.1600000858306885, 3.7300000190734863, 3.7799999713897705, 3.7200000286102295, 3.509999990463257, 3.490000009536743, 3.3399999141693115, 3.200000047683716, 3.450000047683716, 2.680000066757202, 2.6600000858306885, 2.6500000953674316, 2.7200000286102295, 2.7170000076293945, 2.6410000324249268, 2.3499999046325684, 2.630000114440918, 2.4200000762939453, 2.3499999046325684, 2.124000072479248, 2.174999952316284, 2.25, 2.180000066757202, 2.7880001068115234, 2.8959999084472656, 3.5199999809265137]
assets:[0, 100.00011263370514, 198.50126588466168, 292.45981950144767, 383.2794872301578, 513.4450741876602, 677.3501424135208, 686.8645392286778, 779.2998507744788, 898.3919413744927, 947.2226494510174, 995.2542718500375, 1080.6896877957822, 1143.2401779558659, 1237.3774324965477, 1439.4289746311188, 1587.4099568109514, 1694.725293896842, 1755.8555833388327, 2301.002060750008, 2280.350200212908, 2317.257551933479, 3199.0962759070394, 3600.5309046185016, 3878.5572564450504, 3672.6253281292443, 3434.9128252977607, 4154.50162324419, 4310.191839376831, 4341.77608539226, 4196.675679597544, 4272.763037675714, 4189.11974234879, 4113.528061296343, 4534.89741267848, 3622.7608422408102, 3695.725383250618, 3781.8315660994526, 3981.728889881682, 4077.337246849251, 4063.285774487066, 3715.5702792151455, 4258.27684329319, 4018.2622646814348, 4002.031272590017, 3717.1553912439826, 3906.4088818576574, 4141.112625, 4112.278223928523, 5359.188876116752, 5666.7898128528595, 6987.811034135819]
shares:[0, 42.8266, 86.3049, 131.1479, 177.4442, 220.3627, 258.5306, 302.5835, 347.1269, 390.6052, 436.7094, 485.4899, 534.9949, 586.277, 637.8234, 685.4424, 731.5253, 777.3969, 824.3453, 861.7985, 901.3242, 941.9746, 972.3697, 1000.1475, 1026.6165, 1055.3521, 1086.9977, 1113.8074, 1140.2624, 1167.1441, 1195.6341, 1224.2874, 1254.2275, 1285.4775, 1314.463, 1351.7764, 1389.3704, 1427.1062, 1463.8709, 1500.6762, 1538.5406, 1581.0938, 1619.1166, 1660.4389, 1702.9921, 1750.0731, 1796.0501, 1840.4945, 1886.3661, 1922.2341, 1956.7645, 1985.1736]
growth_rate:37.02
